100   1.64337326036716
28.0316557855625 22.4935789000168
18.7019106659295 7.40145423961641
29.0271426339918 19.6999161849208
17.281602298309 12.7593646373407
19.2929617863161 23.0877846471429
13.1457522780573 27.1157002161303
33.6008977944859 11.1291923834186
25.0198447209258 33.486512306825
8.07255246702258 23.8723506040338
5.50551720402189 24.463231039901
28.2955173643227 12.8594159049872
33.2782604506062 21.1694020881781
27.4128073376994 17.6178585149626
15.2744276299704 29.1095539865337
22.1655113783801 23.4291241878112
25.3720354874202 13.1978391785347
21.9499481906202 15.6671910810414
21.6180950814386 4.03378633105484
24.1112582231006 25.4564501068386
12.76434782862 24.3117549373898
16.7995013116317 5.27672216255298
15.36554080153 26.0450058398586
27.5791096069924 15.1755492558879
33.7311810582075 28.4668195792641
24.6163783508736 6.46184548927516
20.9950275539712 25.6371108805242
35.0776101931024 23.0045538325512
13.077185235633 18.4463050771327
8.09297679321493 26.361202926135
19.9868453252424 11.9494603011819
27.0478430191131 28.4800008241673
21.4242148200612 35.5173433563288
24.7135538988828 18.359525719273
18.3823387150044 25.7365458098613
15.0685450625818 19.9876670767957
19.1765528729944 5.09838193377852
24.9370849256731 22.7125170004692
20.0556252252873 14.2058552362662
29.2561964117749 30.0594916714051
14.837922877192 10.8658734104687
17.8485083250617 19.4528038772634
31.8957526714685 29.3310260825844
31.5768055225523 18.9399191094054
16.9727728465657 23.6250865880423
5.49290573530435 26.7560374116229
26.849101564595 8.27553597597512
30.5909316020893 14.7469448331628
24.8240866833798 15.862616499732
23.2908568120171 27.5435522230172
33.5147637428476 14.0573182576396
14.3623435466672 15.994026587879
11.0233270704365 19.9108181465469
31.5987900901292 9.46760552713903
26.1019908495995 10.7914272475088
23.4837911829545 13.3327422469024
22.2118923733953 17.7555141893158
28.9697883744036 10.3727197222072
31.1979483928578 12.2672485646868
29.8722516531309 24.6558599847242
12.332832716414 29.5492939291542
13.0110807031397 21.6421550828903
30.1568861417654 16.893169158719
22.4955407390637 32.8523237321565
17.4130900627569 28.0086674936376
16.1463133053452 17.5667946212434
23.1877900397298 20.6537013055218
26.1233293632641 30.7165104264527
26.8128016615694 24.7620258558637
10.4881705703804 25.7009205604736
23.0909024460285 4.3056722428684
26.2846671367462 20.4262021864503
29.718372532723 27.295420968949
17.8645675127968 30.6055670003252
19.8634822783713 32.9572919484151
15.9469095748266 8.01185745017128
21.6693865706672 6.8319625950422
32.5691934317949 24.0916802480509
14.3980235143294 5.28852008096456
31.8208094853998 6.75802766935339
10.3025157663855 22.7639828827066
19.7151441289683 19.4009071765423
23.9394741539 8.82776306554193
17.3912831404678 15.1981210578953
19.2385454008711 17.0708529581704
30.7471411454792 21.879242288699
32.3314330215378 26.5444176207051
19.9569105417362 28.3090817232589
27.6414559126189 32.3915714176018
13.1961807701876 6.97837407259912
23.0887521786511 35.7303379621793
14.924410163191 13.6928606065203
35.1496583034142 25.7164187745607
33.7633523749863 7.17525237125503
20.7371338354119 30.6286062824294
29.1895876736606 7.66135515329283
13.4369901500237 9.5749739930038
36.3484586733619 27.598618450577
34.6610398581225 8.69830537255353
33.127021973648 16.4120622524512
17.5128145516166 10.1610907511451
