200   1.14757208146365
18.4417111951634 28.7257704381733
14.4548280336074 4.8484660564426
20.5957278224672 12.8509404316645
26.5389673394354 19.4045834699959
19.5757292964753 4.92351625201064
35.8006408188685 25.8656174620297
30.7000651343666 12.6135733116641
22.0800841193451 16.0902774231849
15.5200862826685 28.7718087936785
24.9129160132398 26.3944197371698
16.3735535317564 24.6182084643468
13.9039960821852 29.2676524606751
31.2297222834262 6.66955428801047
10.4946172657914 26.2899960546922
32.3970661252845 13.8310553962753
35.4481652834152 24.0096720227254
21.8939310132025 24.6766908640745
30.6159260399663 10.62493870546
25.1808714602198 9.91554201094266
13.8794010068973 15.7622610507291
14.8671632616709 6.66402345232545
35.1431965223087 22.2757862661047
22.2143910812743 36.1474203779306
23.3669594621079 21.526593602553
18.3547315184545 8.28501708121629
23.5564504471477 28.0609187577216
23.823309653659 16.8720450560841
22.088466738405 34.0959895954615
13.6001100196331 17.6282891293799
13.836326203178 25.1077784433859
12.4174454414613 26.4653479801667
20.4403403768227 28.5783067616683
32.4926491501432 15.6877341528532
25.7108914129486 15.7677279679253
27.017546654116 20.9268731674403
17.45883723702 4.48644695233693
14.4148722310471 14.1048854294696
29.0754486297848 26.7400405671866
22.9500537961744 7.40683763124713
32.5765034162403 25.8691510066174
20.5489618053713 33.7421370398128
26.5604203362728 24.921199141854
6.76934235758855 25.2999295961865
33.8710860748969 24.7798820954439
11.9500753387492 24.6989986069457
32.1828318091605 19.8938172270561
12.3825395352004 21.6367880231238
23.7812630942469 34.8405659352304
20.179468031321 23.3968432464313
25.6844736112341 17.4963434538338
23.5623793025806 25.2392103293266
16.8824915851438 18.3917478565361
15.8478891377334 15.3674344435154
10.0129667108777 24.5423588984473
11.0361278640187 23.1542549231329
26.8511043336219 8.86963574130138
33.4456101937841 23.0434898325779
15.4788855005953 17.1401062809324
16.7381326874881 11.3049965386151
27.4807136267779 14.654454082428
32.5679638921847 8.04984190200605
20.7627852937007 16.8268260637258
33.860544584279 16.6431219846941
28.7139182316551 28.803605320114
20.6811737195399 35.7810335075651
25.7797957060704 11.7181045504485
6.9278026150294 26.9754733595037
21.2712333222252 6.06864574965356
27.5556041896396 18.1670799454081
34.2573506279363 14.5972499262626
10.4112936946584 21.6374230573308
30.8075015068732 14.6586446131498
13.4638316573181 10.8001321861871
19.4221305772935 11.9012834386404
30.5434462351238 18.842941606162
8.86046077866606 22.9462506805963
26.7497127814563 32.4134347409004
32.3855356286467 9.90166566690341
32.6670666732947 5.97570167944021
17.3670921877403 26.2323433568652
23.2458734350247 9.1981332423691
28.6401884800013 31.4963100830265
18.6065056175883 22.8492540514258
27.2386769898478 10.5790574870207
31.8128361824726 24.0342451883312
19.4967829440137 14.1103989189023
28.7035428847022 19.7738648262071
30.7060038720934 8.67074753481543
19.76243614185 31.9249114664492
20.879202481044 26.6771895667899
28.3565619671586 23.7947518112309
26.0397031447243 6.89263655378884
24.9849990153832 32.9950646262209
28.9405657787407 11.5974363640422
15.4982566367378 26.5619361511125
11.4088085768683 19.9018321276463
21.6444542636301 31.9686012983164
11.8161221632583 18.582683988814
24.5321580053901 18.6451906635308
25.7965543082158 34.0072899937476
29.608209831618 30.1305851283828
14.9610165545478 12.104406764558
31.3573747622339 29.4721676204794
16.1743285770459 5.09421948490717
30.4831948476432 28.0547649372895
17.4914436456883 16.5479174411528
20.6222221336011 18.6648582915122
25.3260622849222 24.2979010046452
13.2990679032055 9.23678042131234
8.72909335915813 26.378363281407
22.4823140066619 14.1499457341958
12.9967378564199 7.61963571011418
29.4945485046634 7.47889526262784
22.2730795029657 3.17482178034263
25.0608603894559 20.5048078373717
32.3543278236838 11.8193171289418
24.9108707678375 8.06445952458009
19.0190448428701 30.168124113914
8.32635597789226 24.6154556109749
19.5006526228417 20.0133177203932
19.0304594679817 27.0077310282264
18.5415071415508 24.8518661499597
27.43051774104 30.3936269203538
25.330050712922 22.2484988328699
26.9219781362649 22.8787830246801
25.5935779507825 30.9186145245839
16.9479492175312 27.868959634244
24.4361298557191 12.9571230328223
17.7325169323714 14.6473115120466
12.0614704543326 30.1211960602567
6.77806707747114 23.3672475898129
29.1977870715175 15.6643037795365
34.2862849415629 9.16433072106347
34.34607866226 28.1758815255307
17.9652943393189 19.7976035098394
23.6668234156687 23.3546538565425
28.9148798044791 9.57414465688953
30.8812064872882 16.7220567738006
29.0912052881555 13.6180376619151
34.071423338363 12.9056626763076
21.0053672754473 30.2857207140976
15.0518883755725 8.2536250329085
29.2526040336561 17.7201634305613
31.8467457791531 21.9573066041455
32.8801781987832 29.2712646921787
25.7325147564136 13.8392508268354
16.8218260496757 29.9905183358275
22.4547560966777 18.1843163408041
5.01112375894272 24.4256190027015
32.2595737783579 17.8602379239903
27.5893092446123 16.4875589914848
23.7509678555965 4.00302872593922
34.2467761697923 7.15881825076081
23.3717701937568 32.8671251789594
18.8858985811579 17.9205165309715
34.4067183375242 26.6989259890936
13.2276781397126 19.7000168519199
27.3308679203631 12.6342024313234
18.0492107660294 6.16207674662711
30.968381135718 26.0843321712919
15.2310706503548 10.0661723637577
23.3430394323781 12.8631251773793
35.9123254609446 28.0566276165829
16.7501989375805 9.13636920109232
16.0038219819012 20.3169056687671
33.5871710058456 21.0062479696513
17.0717032025249 23.3126672580013
30.4030688736553 20.7641189550422
26.0286483830518 29.0279128220385
29.975106026706 24.826726375916
12.8756530741292 6.09962978227186
5.00558261065083 26.3603529329418
36.8991877876979 27.437010933063
17.7938797180626 31.5409376599373
34.1440520489907 10.9629486706303
16.299131540565 13.3875130362499
14.162610574273 27.1781771418601
20.9112974449212 3.9361328246576
14.957465160191 19.0935979343814
12.4597953845989 28.4163712097451
23.9799924884315 15.0482621492575
27.9801154782813 7.7358209419329
30.2004614965332 22.868196000551
22.7939031934265 26.7622226957392
35.4271420885112 8.36998592993646
20.064197434346 25.2600258718345
24.2898611316164 6.13407613659365
14.2226233805033 21.1918728442323
28.709270171054 21.7877638383119
19.7423765951844 7.00625659552004
21.9871135329984 22.7974988253205
13.1833081877565 23.1598996276838
18.2473319028285 10.417975393307
32.3555835297472 27.4918896519331
23.054120008319 19.7567724929839
27.385073587598 28.158617051739
22.561737865668 5.29244531808264
16.6665882050568 7.087744929461
18.0696084484426 12.6311783003374
19.3556224392644 15.9413055702777
