50   2.37690461569144
28.2286585852102 22.6292489136871
12.9315215253398 25.2124210562175
20.4720976483704 31.7654066098391
25.0848490669184 32.6767829731741
32.2267939819025 7.07784179867601
21.8667436310017 17.6480704440476
21.1520181445144 27.2441402007739
14.4350894427377 10.7239222526236
28.0958632915525 30.2255538052615
15.5603514558632 19.1012780811238
18.342188627149 12.3955142341107
31.9213044951044 28.6876997892098
22.2499110307836 34.8965082233483
28.487957051202 18.546888480068
30.3979284143422 11.1972561240119
33.6388948983831 13.0988190329517
5.88301122544961 25.2502694739113
13.4503487786078 7.20343761695869
24.4351909872258 7.81993837587717
20.5212289379271 5.57651918513336
33.9971364194196 8.86566421968462
9.23795120137372 23.1070670190611
24.7862903257354 20.2590619652214
28.3622791742775 26.8805990733386
22.7794358977699 4.34411350541632
15.0735103892822 14.7406133553605
24.1793373886537 28.5814068340379
16.4945422742993 27.0884625771699
22.2508117341151 13.506650610298
17.868326972847 24.5272033647419
18.8649393102897 20.3677337468013
31.7304092208594 24.8391547926718
16.1930464553835 4.79155212350535
25.5626405849236 15.9850947800325
13.0985573752077 29.4124027726511
17.7785865334152 8.41078109195701
31.7083640190909 20.642762779194
8.98643956282847 26.8667697504682
34.7732359428122 22.9489987079481
12.5173077403204 21.0383573072627
18.4461528640997 15.9707735062336
25.9639480355875 11.8555299607531
35.5621340182599 27.0767635385175
32.3984616292128 16.6086303005556
24.8710411210955 24.5360252265145
29.2512715717074 14.4862056669493
21.6884644081152 23.2364347476858
28.2745573094686 8.45571107028456
17.8056130146072 29.6664852677846
12.231190457371 17.9771329758321
