100   0.472557968106761
10.8727551675432 3.87628573655349
10.0667642355376 6.55405175918353
7.4628207104688 3.82470606401998
10.7987324360146 8.74828863337771
11.4069561317548 7.57561962244655
10.1220349962007 7.35254462823078
9.17424580702195 2.24056577572573
8.65103520892477 4.76644399906516
7.82136919430316 10.2467052113375
13.1773535325037 5.04779518602467
9.50303760413616 8.54056100639961
12.3810318721192 6.83010442623082
6.53403558719449 9.85817955067655
13.006617020624 6.34197762004417
9.00546873508756 7.37412185291359
10.6683845907031 6.16062070134974
8.68811584477641 3.92201962342334
7.61815015933826 8.15793456177926
6.79368673151493 8.62727896611082
3.25073861637756 11.1525580262912
12.1614402735814 6.09538829244144
8.01981739810483 3.36374924382118
8.18436469657063 8.72404484926427
9.85424876424169 5.7780696798949
8.24029442773266 7.6551621689178
7.31446179131716 10.9470099484859
5.7728389424404 9.12406215057026
6.21027987025607 12.7190462816632
4.73865488067447 11.4045047772204
9.5623818842894 2.87364476864349
12.198949881164 7.57592403841492
11.3944333860497 5.61511656089027
10.107634997821 3.46543857948807
12.6201822150368 5.58131582902521
6.71860492281649 12.1886222402561
5.37127071608757 10.8502167678888
11.9919401957615 8.2408079498524
14.2369007552198 6.05573110207732
9.62987691927944 9.39847208692455
5.70202960263007 9.98021441879261
9.40181705926301 3.73792786969788
7.39785956693218 2.8421300710474
9.51966935568198 6.83833900774262
15.2516155761741 3.99196026662021
11.7150238513692 4.2671424331588
11.3622414135699 6.29541575049661
10.9878152534615 4.42667610066482
9.02376924856838 9.84513249216911
8.50849457526663 10.3737003096123
3.98771099478028 9.8555391268177
8.26143294592308 9.53296568391336
14.6927819465865 4.52264082395423
13.7212291955275 6.43937532899405
11.6631994459601 6.86651157990912
10.8148748294923 6.98711624497549
10.1646829709293 8.2242161216211
6.34751363832038 3.18574076663936
10.3819200748221 2.58194602632811
9.15157661940436 5.34449529808716
9.49357463097451 7.73627179996447
15.8386173504603 3.50235447858583
8.75469544168676 3.12344879997338
10.7965628258332 3.16323171100349
15.9451432751725 5.09940477510165
12.4976516069157 4.00169358821498
10.7486433362398 7.84949090548543
15.3741973176925 5.51685354486794
8.37917894574253 2.41045322825475
14.9262562777686 6.05597086214351
10.6073798533832 5.46073304731491
14.4966908538909 5.34836973591314
7.34329352201596 11.674565308671
6.97178143989274 10.3483623970181
11.3657258191421 8.44033560062082
10.135089067212 4.22508479433172
8.00833794462015 11.085213528739
5.66534799948601 11.352375427474
10.2116809654013 9.05278911590637
6.62130457718334 9.24238002770442
9.84312161969559 5.03193374006638
4.8546893276464 10.0075083628342
9.34104007963964 4.46072288261236
6.50956524595285 11.1221229200867
3.93334542713676 11.1461015493047
13.2336428775377 4.32094010178385
15.9959876495063 4.34640750052985
7.40716629036238 9.62696070994741
15.2648421512082 4.91657477386472
4.55120997350089 10.6611671396733
6.92081267281873 3.5511440760002
13.9758983847268 4.66425050544324
6.14949610859966 10.6051780919763
8.629483 6.882948
8.12056682787364 4.24204178118973
7.51765493012716 9.06725047199613
11.8816979990601 5.26824084078055
12.4382554421169 4.73071374708646
8.90981391749951 9.0375122186038
10.150357768113 1.94799951083561
8.78000134636565 8.18856121142032
