200   0.325235469227168
9.25518843490992 8.34359584911268
11.7032727092141 5.28504159919183
3.12035095750984 11.2289811962685
12.3017078205275 4.05798029314046
10.2095142319331 5.47690548958363
14.1912007977907 5.88239829493696
8.50922735636434 7.9764461680213
7.40909409062071 3.52776401372967
10.8167190090161 3.17436493791203
11.7384925685385 7.92728048093394
8.81710616069099 6.88472233922044
7.05497433796965 11.8902241523017
12.3014722079541 7.78616416603193
8.31543037148891 8.64628960119255
15.4310026980913 5.70750855158099
9.32069970223647 3.96089727964618
6.25903324769854 12.2385840481843
6.27104903912063 10.7078135996811
15.828599484619 5.34648636264687
6.63727627941544 8.62510570854021
10.4321142993362 2.12941742022319
9.06891334603162 9.47876983847469
9.31329126719395 7.04448376540304
16.080247418608 4.81133939815979
10.2593381522383 5.89671350076904
12.922644049644 6.54358120883764
10.0788919733658 8.88455786822196
15.5170944687201 5.10318741730559
8.14009217125921 10.2568085072469
13.6393359793176 6.16434557362945
10.7961293099293 5.73359252831682
6.78232388649281 12.1610794514054
4.42945526833529 9.93732596210743
7.8226212486852 11.2785816368357
12.6453970650378 5.21009869146043
15.020611603811 4.17769186216662
10.3435539514263 3.49506315411421
10.5902061602008 9.11102644989752
5.0234973337532 11.2579455321309
9.59820346752531 7.41771266114665
11.1556691904261 8.84911423485028
11.3616560687785 7.47683211120553
11.434443417654 4.52721665670569
13.0655213700703 4.26271627324531
6.36334097345364 3.49095986979412
7.92696293560862 8.41685982918965
9.28828113907465 3.0602014851147
11.0321459243257 6.60648305657738
9.60544300617346 8.58523005133164
8.8090642240696 4.17361666732509
8.84379134256026 7.52910668484118
10.0894947176295 2.38382429588594
3.77429288242814 10.8815733463231
15.8738774530334 3.90755678161405
12.4086490050675 7.22626792105007
7.56281757969102 9.01661584351687
4.50646430400152 11.2993696443544
8.04026922362638 7.79541011755331
8.28669535525818 2.29566283570905
8.00421225369066 3.32131390686015
10.0630041547025 6.37534853236679
8.86841967694767 8.29986766963732
5.52041623224871 11.2550240328953
12.0449840033283 4.55572269591445
7.38761197443078 11.6236893324184
10.6502967166482 2.66967213933879
8.50321852484758 3.90593900802132
6.96239541013006 11.0022388609363
11.635057555261 8.51818085084066
14.1031190766777 4.67696187491359
6.05502362668577 12.7710073008691
8.52405486793245 2.69810440762721
8.59563276345241 9.88115444642975
15.4839713852591 4.29299413069167
8.64393202712716 10.4387548019709
8.77086118475754 3.06800981967303
7.0841759693249 8.80352777406519
13.0213358398988 4.79146418345471
10.4298842573646 7.28333861225637
12.5239231140257 6.08827168317283
7.6697428415899 3.02351066413085
5.42638820384124 9.98936093192973
16.1150248376604 4.31287086717834
11.1072646164671 4.1324099543667
14.2221322145169 5.26894046934052
11.5702629915406 6.44829409560788
10.3296404886557 2.92502574330833
9.75040606307956 5.24909459260388
11.7261180888065 4.10593282726866
14.6372976554785 5.61217145106361
9.5391336362378 6.58158981856847
9.85978413283658 3.12188301525744
12.676653332371 4.02887935217864
11.5007910496771 6.97233496455634
10.8652543023217 7.65161923756956
15.0797452988661 4.75225793863999
9.91581105628109 3.90368795639978
11.1173875209817 8.45367627280428
7.92325034194327 3.76512631786402
14.5796055736894 4.43485283849034
6.90925566657352 3.7571890429306
9.24015434608339 7.7893695397814
3.84008660232082 9.86118658904324
9.28364007901429 5.4958725468831
8.1957049695509 10.8178155145872
8.64948131158666 8.82574531619684
9.06423858332008 10.0310095708004
9.06796952868798 8.90395882873973
7.43684579682311 8.21901389322253
10.0487169901993 9.39052635446185
7.63480873593662 10.0697531410856
11.2082823679941 6.04747215159198
9.54424605476629 9.64569783211428
4.73269222436064 10.7582129944157
9.72644175598101 3.50263799501974
5.75185242412612 10.7242770260868
6.7635657479634 10.5263752476513
15.0409896278814 5.34259994815224
10.3105795333034 7.81079258636648
11.996879713395 6.82753078876516
10.060525577131 4.32056617396888
9.12029462397722 2.10273577311669
10.9469324500057 3.62914983379878
6.50025194142787 11.1117012263406
7.29001144850909 10.473030217374
9.09901013696148 4.54828508088258
13.6490234542562 4.30020541472358
6.61154911883869 12.6642516648357
13.499366015897 6.56116634841766
10.133592919033 8.3410880658493
8.31272630755949 4.48181603568925
6.62247125079777 9.29536009513031
15.6600459234677 4.63468324335586
12.1307698613054 8.30177142404669
7.13605658074028 9.39256506766441
14.0414168803948 6.42630160507176
15.0276651700546 5.97540422895641
13.0516743343885 6.1213758027902
9.99780035723104 1.82522523682694
12.481699328334 6.68201787199383
12.5565843396517 4.60622760988158
3.93065123411361 11.3574568564239
8.88241726436634 5.13406272652613
8.1088050356756 9.17848464768402
9.39788689532694 4.91909825538977
10.6054820771493 8.66382012494635
13.2558891176152 5.23227142896727
14.6034041807341 4.99332090984623
3.47364477895592 11.1897785376012
11.3045114476125 5.46530741085732
10.9333396845948 7.08033237839382
10.6592082824654 4.35851168968744
10.0105916452861 7.49644527330659
6.53741146738451 10.0132667302182
5.63236811300265 9.05232877761219
8.62214634429194 9.33055700126223
9.5354894832894 9.10945064798153
12.2139656945295 5.09689621805825
9.73929488263343 8.01339821764322
10.7033179150143 8.1618868738259
4.92791779183676 9.9895355058395
10.6604439657539 6.2841101222718
7.79479413323621 10.658066347464
7.97595879939863 4.21227113566853
8.46312022238886 7.19755169755546
12.1758285230976 5.64367951122107
11.7068256909244 5.85810333837383
15.752955309872 3.34335935127456
14.596134086875 6.22844591561976
8.43534982370534 3.44704149862167
11.2720519596094 8.0555327441859
15.3565880433598 3.75520896355738
10.446409745261 6.76696437860509
6.03778614288129 11.2363107554377
12.752735890087 5.59396501139698
5.25410511176302 10.721811763166
7.04547801432109 9.98847415502481
10.7032991661152 5.29300573150535
5.85558002806248 9.98269312542784
7.40706466497046 4.05419854345362
4.32259375299465 10.8779820446192
9.923768012079 6.945570448101
9.24283286815925 2.45392130594867
6.32279046352999 3.03978166216648
9.01497389326303 3.58589475929454
9.74634545718102 5.83371716139945
6.18875094163025 9.99416387452782
7.39665243284309 11.0512632703993
10.5211927547848 3.92724996406973
8.60504495255056 4.77290529944302
8.12729292020763 9.69861229595966
9.62227029619058 2.6164435385883
6.11649455334288 9.15770492512649
12.0708763063378 6.25296440962973
9.59924440205717 4.38356594453501
7.63473995233197 9.53339581198711
7.2338189330795 2.81758010564123
6.86480019325372 3.24690368249928
13.5132482618528 4.70387206659765
11.9031024098055 7.39935012526185
