50   0.692194052754169
7.82630089498118 8.22818558466856
6.7330903710726 10.8449315186157
8.73749309548837 4.75278480526891
10.711145227274 3.85666665581339
9.68064722465365 9.17735716172569
4.61658297587323 11.0086072532495
8.60872524677112 3.68933747900955
11.7100060362036 5.55176813245971
10.698262033635 8.7693102444614
5.70499480701614 11.080200324513
4.20615429550395 9.8736732390297
13.7851291809829 4.78424045134469
6.84249134212854 10.1102012539802
12.7652348277776 4.20602017811225
6.93852177779129 8.83864889127047
5.94989951915337 9.29840738809272
8.66920558413173 8.62687081930393
12.7274248487423 5.36807034395925
7.5547820697683 4.17288024273817
10.595037940599 2.77041723805518
7.84233152964171 9.54811224488937
9.59804578968418 3.08283408920197
9.85746263151051 6.76525666993222
7.53041520222416 3.03372457666484
11.7914828520502 8.28009529545474
15.4382662120344 5.58390645149362
6.33430678762814 12.5315723704122
9.60885260288238 5.46918048480425
5.50661572220808 10.0780440436703
10.7766954752655 7.59976094697145
8.81766754988229 9.89978419953728
12.0090673625198 7.40456520865557
7.29728794382101 11.7157828707486
7.98898368773422 10.6846561010749
10.4920572556137 5.66683771979679
6.56892233482187 3.33298403940884
13.5239830561051 6.33816917481927
9.71003144047734 7.97055572158058
8.76386639494207 7.34175352043159
12.3364850092711 6.43622770041888
14.4793285409831 5.895792715708
3.52079204028985 11.2246671395658
15.5040330342337 3.63457730087524
8.65173299999771 2.42273900000206
9.85775500000308 1.97756300000008
11.7814845082597 4.41515402249323
11.0686446220841 6.57437930439998
14.6597380987803 4.6209233452099
9.77658765194159 4.20518269146892
15.8886601558508 4.5664665664281
