100   0.447742304295732
6.24872350561983 0.259014884563164
8.79569055557793 1.94760757333704
0.995106703007221 3.77526416842967
10.8841717120344 1.92294452728408
12.2807284123555 3.65119530592347
2.3155470817243 1.53373045859582
3.71341805126263 4.46906780426993
4.48446100577622 3.16729744036399
0.291567339807273 3.39744033977023
4.31214275797403 3.99036048594554
3.81444295608697 3.66045508527927
0.343141793198507 4.02485962626258
5.4942348901504 2.13721932396324
1.68987596794349 4.20315530877701
9.88714572906611 2.74973810450769
12.3419968508766 2.14287151958969
1.6695550654376 3.44819771553951
8.06630712218437 2.04105422896069
2.35051065536668 2.32485279581824
9.18365403846838 2.69982908116598
11.9559162624036 2.85682381804874
6.69778393784113 0.904332481646863
5.66530314261006 0.494225242465602
1.01397746034668 1.60003391877221
12.5884506392561 2.92867038252804
2.93641582130248 0.385814567054081
1.75681647193467 4.90958474942657
2.44262472548582 4.54859746441307
7.49954487805921 0.744835261083332
12.9002995879273 3.70732484787101
9.55401381652337 0.140646108385559
1.67970540285234 1.99243473952951
3.13439732979857 4.08810196537603
13.8852541000193 3.09499438034254
8.70846293877389 0.153870997228195
13.7298706051087 2.30512912679114
6.22021619611141 1.09610752238476
13.2703605336322 3.02359445440181
2.40899613283722 5.32573579187814
0.343249337894555 2.01009737131089
8.31943196125212 0.698603114934094
0.975944052512788 3.02784344688811
3.70683869831186 5.29134728281634
1.6541271824773 1.19704924320287
1.02003783895853 4.53294974901326
5.24814871379944 2.83714928684561
2.36390289725604 3.87928559061733
0.236755937246228 2.67761783281458
10.4036029147974 0.142351793808473
13.9116600990044 1.00184588329284
13.0426329089185 2.30238702334301
5.61238313716066 4.02929402153883
4.93368750315961 4.39397710521289
2.94179350861335 2.69827034378319
4.99113757557408 3.59803663716989
13.6310238379032 1.69442000865419
13.1995998357586 0.967787484064959
9.51275314464692 2.04236094586759
11.2203035481492 2.6782610972043
4.35827915798717 1.11385284082066
5.00995616754047 0.773613385866248
12.8883397157467 1.60870164026512
5.58806408871172 1.30739833224538
4.94649389535833 1.59429966821551
9.97187157865847 0.730690784273448
5.71920460051612 3.45643098209604
11.6007389597944 0.670060979828537
9.13834867553669 0.742233532199583
6.58441452114648 2.59752542305712
12.1156659661501 0.088734419421408
12.4092734120018 0.757156986733136
7.25226168013893 2.1515693711224
2.26948863266542 0.728319179202742
7.9230413963669 2.65100549637487
13.651779236825 0.281452430150239
10.8014591273095 0.732152436878012
3.08573008365079 4.85536088635778
3.0359899019406 5.64039318866512
6.71291031523082 1.77233084256525
1.00843266013109 2.3790795824841
7.85144820710411 0.0995176721798504
4.33120320856105 4.82307452214423
3.57857146634372 2.28818179404367
10.2027100782286 1.99439429920842
4.81613664752589 2.40275897966873
3.62247600796118 0.763201540383139
11.2524589490241 0.142842608054437
4.25829560060401 1.91318115148005
6.11367769006084 1.91592912715939
2.93373605936643 1.14220945810394
8.52748358889949 2.69092116581528
2.986838098633 1.8703177993653
7.21157270958065 2.87863721139178
3.66659403033405 1.48132395082987
7.01442376030336 0.200218425494473
12.9290429457324 0.245379889500814
13.6195711755718 3.76389184463761
11.6428300865339 2.11825238098555
10.5836704005469 2.69229360147499
6.01964447839089 2.74580320825023
