200   0.308380303911636
13.3347978680263 3.02774632837771
5.77992222001221 2.91829430590871
2.64214056329137 2.05370311750607
12.4964545209912 0.675002062986251
13.8018877303984 3.7636741231868
5.82272958735736 3.8865555899588
13.3112860276597 3.90228446199042
12.8246675724455 2.29392981753806
4.47504740704194 1.96423662510768
12.7917842724423 2.80997901958187
2.0149146539161 3.63318808275415
5.38471417041666 2.58274934669589
12.2906249551446 2.97345794591914
11.666222736967 0.704929487570328
10.7195683828613 0.701494225058146
9.29771919750592 0.701718721448508
0.721966610097916 2.21753391882654
2.00648311551376 4.16110372584564
12.381735285752 1.93213244222159
5.9234805697194 1.85034489956357
3.800329174587 4.66546246981926
13.7649417160874 2.32201458137473
8.60218825176707 0.198522783459207
10.2448093004932 0.704842101585764
2.52640926533503 4.96014461663498
6.38171839448286 1.68914619714987
4.95057960327113 1.7825332888999
6.64929723085891 2.73905776321939
7.12169890943915 2.98640758210422
1.73588732268781 2.09669957364263
3.83153224016395 5.24292048245147
7.40050001592648 0.704890773087523
2.19372511180586 2.3487894821539
12.5399230617219 3.34805584976254
9.56354716078775 2.47644743410156
1.1050988987706 3.51414144932711
11.4169045923497 2.40358874278686
0.165339687678036 2.95068509923294
4.03856427683095 1.66204228314001
0.18424162165802 2.44311002572067
12.9756369711634 3.31278557619715
2.49357878010039 4.44181560081281
8.10112748217008 2.51997163552389
7.23449901067296 1.937188272999
12.8243598529248 1.75452776125523
4.66950794638968 2.50605214311959
13.3094626299521 3.51950602278738
11.9041929122911 2.19379810818811
3.5832815131137 0.933839475293473
6.60222556555527 1.14006838572095
0.166506431138226 3.47053341177525
5.44908647047136 2.05118519626231
4.56450556891289 3.06009851773361
8.15373223684269 2.0331763096824
10.9823759891337 2.74256707436239
9.98676404975678 2.20225697013981
3.40064469789431 4.96745831549243
3.43391930259913 4.4054046159951
4.65142479079658 4.70074522196905
10.9705947269686 0.195070750291099
2.5039571491374 0.554833173739764
2.55345859506719 1.06175847421347
13.8218180944998 1.87070695825283
5.8194168560316 3.38426559296204
3.01483534919539 2.77883412726675
9.54881883275812 0.195299845917564
5.42864098619196 4.11206450105426
13.3898676375684 0.0616387470236013
11.3562845625777 1.96320332728184
1.56701326356867 3.33107589427735
6.39931621378119 0.630467409731564
7.65353105848772 0.198744990603798
5.01757724444736 0.712931578965216
2.07299949628578 5.20094896239267
8.82283010671381 0.704774768163084
1.58316475137603 4.92839491692007
13.8557652832784 0.806932155566756
13.3940999867147 0.518947200919601
12.4158457736485 0.162158960013623
12.3608901340421 2.46019995860828
4.96625157886959 2.27786696679692
3.36036983879353 0.477172331166684
10.4128247270545 1.9088480256133
5.46658944165112 1.01271766668282
4.52139819791371 1.43079985288529
12.0305248067782 3.38345209110412
1.13394558975315 2.48538464956957
5.03294663777342 2.8709730799892
10.8586997673105 1.73580262038553
6.91603283405547 0.71360277524293
3.5923106532939 1.43477658756312
12.9539888354293 1.26551444333079
3.00878772164619 0.820249683235399
8.60884538062594 2.38660154064637
1.15487589607728 1.41282219722155
0.706728944800629 1.70958310263005
4.55143889896087 0.900893687179508
6.33532243845135 2.23319041771185
3.52993799781348 1.94020272404253
2.08933745174602 1.32860176672215
3.83513707811267 3.64119912561591
11.4545789302792 2.9396708263212
2.98347429404002 4.66804540816459
1.11157408764134 4.59966662590739
0.637648022541953 2.69469899138107
11.4455770677014 0.198326974006707
3.40202768276094 5.53394689932381
1.11022032558909 2.98828009739083
8.62467177271684 1.8765578972888
5.42892255715669 1.55279642400981
7.59182272004546 2.73763564839747
4.23162821746004 3.44735248618903
4.23375828918895 4.37327314085324
4.9931298495302 1.24650445869986
6.72673916564682 2.18385563882134
10.4956821960276 0.198408688262993
4.62090786093437 4.19382512405073
11.8710797059227 2.71349729261127
3.065277522155 2.24593639339661
13.8460120171367 0.267181144501635
6.22455990052815 1.15538702159873
7.87552354057294 0.701770159990653
2.94339951095269 4.14577541568958
5.88527085392871 0.335497724045051
2.62001171426271 2.60389251115262
6.74398285135976 0.208555647319424
5.29363140178483 3.12781289097614
10.0564652738797 2.73525735550066
2.97398144114113 5.7561041669177
10.8954586717025 2.24683375083539
7.63303694498006 2.24051814541662
2.91186537638161 0.292288016681403
6.26911093220164 2.77977568711827
12.9677695539018 0.739584014972247
9.76996996550267 0.701591095879106
5.44738772336058 0.455860092299962
9.42048592046736 2.02162422901758
0.232279928656828 1.99300721016641
3.08422331810604 1.70710427737772
2.63088188724811 1.51294166880943
9.59392955078511 2.95060072490866
3.49810052809043 2.4852413004362
8.93882963380973 1.7381838810636
11.1914712921425 0.701397578348194
9.07416581557482 0.198490331084956
7.12343897103906 2.46562630601116
11.9176321530347 0.198602225886905
5.87211530399235 2.39107829688799
2.97342786332547 5.21277581458668
5.0679398629261 4.4047726663117
7.19444069894962 0.212673460529779
13.3640308934337 1.60488284229381
4.37579080954185 3.81409301127942
2.03716898749141 4.68099178615058
8.12776550272247 0.195544686624274
2.18409709040484 1.80518672808905
6.77381122313214 1.6807889424839
9.0546515575333 2.29503034392614
0.207663628692741 3.95804840561845
4.07239888775797 1.13431425322173
13.4239149334093 1.06840273703494
3.89208321516086 4.09526692760569
2.0626437314899 0.813848866181281
5.89245538785266 0.785233671994015
0.654244535292367 4.27278988476583
0.656199198497357 3.72518256584546
5.89829941506942 1.34860103584123
8.3479316493181 0.701731320283796
13.2838041080607 2.58093506219712
12.7760866469178 3.80976259672163
4.91756857423648 3.86869735647738
13.8272228651213 2.7770627826103
3.10311130580299 1.22641283020889
10.0235390661137 0.198411827858636
9.07812287760316 2.7754967296258
10.4796153770068 2.43560111542615
3.96160958381306 2.17177962048929
13.2783994582796 2.07380815926351
13.8159379504681 3.27992242728318
4.2204421586682 4.9424114544832
12.8829296207691 0.230568978827082
13.8505677646069 1.3492580105376
5.33698103554863 3.59224570521993
4.8098912986586 3.42717371473715
12.0953150007117 0.657303334613314
2.45560979474817 3.91801544860629
1.09948647652113 4.0598058413242
1.64255248978706 1.62083802117587
2.5201723968343 5.50605817720576
1.59940117858005 1.09660070134042
1.55276927408771 4.40454086637205
8.6052777728303 2.83645050511142
12.2666883131606 3.84515893482603
3.40389721328763 3.88909186203515
0.640102042647845 3.2154494651666
1.54423666300351 3.86674768323547
6.23255503242855 0.119509839140015
1.19656037003645 1.93601724563726
8.04885806696257 2.91011828014368
10.5136000502098 2.92450035153514
