50   0.649325708118504
13.5988583713479 0.510596950858599
8.81178739254859 1.89191770727134
4.88505180408863 1.10724145677051
2.03990455308313 2.20233547032905
1.9805683242355 5.00243074915273
3.80150558169673 0.878977750102298
0.256943458888321 2.43786164991079
1.18418989022649 3.10313378193253
2.74912618660051 0.524730715192468
10.7197344858214 1.91408760912897
10.3026096067915 0.450000000011642
12.7514523791013 1.81412165083472
10.7768700394081 2.97658625055985
12.9204298570112 0.587142091712852
11.6839644100322 2.40421372752973
12.5202035854704 2.87087718195798
5.87008459152016 2.62273656701668
12.533414802223 3.62973995567882
5.94610808582863 1.47769014461432
8.67806511447998 2.99526023109027
9.36639625069802 0.450000000011642
2.81384954244998 1.4932101809799
1.03529897909352 4.32044837973069
6.77172879644003 1.74225056322161
2.9688435917122 5.45175949075378
5.68220907123398 0.355833799914539
5.53298627722875 3.71006715641968
3.87679856970621 5.01125231322995
0.950481304450912 1.91698926663717
4.96702507956141 2.15202376223897
11.2388229568023 0.450000000011642
13.601666746814 1.53398476701113
7.49396952008829 0.450000000011642
0.282973804197934 3.61860954587332
9.72767003800134 2.48874028760001
3.90706125668912 3.85342271520734
4.81851415511027 4.40353565342351
1.94882265589087 3.90624945525872
13.533414802223 3.54842264789773
6.62560830955044 0.511292662874585
13.6179499023951 2.57181046414189
12.1750363008177 0.450000000011641
8.4301828884345 0.450000000011642
4.76529624801822 3.19580273295918
1.70582314911313 1.11041721892957
3.06984458189933 2.55168973698595
6.95890424880781 2.67190136765363
7.77399798013863 2.40273808586942
3.93206875611317 1.87746290487546
2.95397769569821 4.34455062918206
