100   10.9265168673241
38.2475005144602 5.28634393465018
-66.1040565307382 -65.9833260938986
13.2913192327116 48.5814594222683
-25.3896134948392 -13.3896928591179
-5.48525957634498 -56.3121178123951
-36.1288760592437 -58.7370223216962
-48.3037045765677 10.9779958938329
-67.1602359092455 9.27663960956788
-29.8801089322756 80.5785705197008
27.6542543830334 -80.2647691261133
-13.9905503938046 86.2245175302442
-70.1260527984841 52.301429101706
-84.1960593901014 -20.0885532819692
-21.9206157184619 -48.1490964360165
1.77634117303284 74.2617677314586
24.8481834733683 -28.6052191602196
23.8585886743019 39.3970100364656
-19.8674796589619 -67.8864054392227
-1.84194014840124 -73.8892977054449
-61.4810789562474 24.4384325301209
-15.5154820056763 67.8505636198381
46.1314122439245 72.5247781920719
0.525850932663481 -0.335592535521337
17.0626604546053 66.1764295208484
-17.6647631692732 -85.671424638434
81.861989309755 -24.742160122393
48.3184491191039 -57.691287798408
32.0261866807335 57.8194396047886
58.2717911834587 38.8338924208045
-55.6279186239364 39.4009846039109
-64.7690311998209 68.1159842411475
57.2450261170199 -42.2057567884968
-33.6937561152764 -78.8017478989749
-7.24131781948164 -17.7072812739834
87.8416259911502 -9.79268802152264
9.54947894358285 14.4753514327513
39.3326268662325 38.9740286934148
31.4066451124021 -12.498773051954
-87.1973353601042 10.5097569926654
9.50937751986281 29.0989655420623
77.4141810612515 38.8460417421729
-36.5629012901408 -2.63226932561646
56.6077524453662 6.5176114189644
-41.1949891411045 26.5365257825484
-16.0192009532576 0.866758194949568
84.4805541308087 21.9592551367351
29.7776843856704 -61.5376383846386
68.3451035022649 -9.5760290420772
1.16528908906853 93.1950810783962
20.7188149112482 3.47299782021702
-50.5306415499493 55.7896105654958
-52.6790809605844 -52.4878719132433
-49.5767019653968 -72.145351991012
12.3323301843181 -12.9635933794851
69.3943770697858 53.820512998123
62.7060328129788 -70.1434703219878
-94.0687947786236 -3.99323821633492
17.6823135865453 85.7667227005173
76.0395403435227 -40.5516928932524
43.8333163691299 -75.2442509402253
28.5749978330958 21.7308354742995
-32.544163599321 61.4341141837754
-36.1058687934027 43.0855795176001
-38.855007466545 -39.1896476420139
-8.39613980301069 18.2239592813644
13.1305331484867 -66.0858182500551
68.8619856497511 -55.5991694821476
-64.2155136313437 -20.4113026446071
-18.1199629474002 48.7278546045209
-75.8810196901737 37.877085810885
65.8743314597348 22.8221113789131
-74.3819582864287 -4.90444438871971
-10.0841827470626 -36.0344575535978
5.15593401266922 -47.7059937495173
13.2839004732774 -86.1258023470057
-0.91480070853082 56.1045840553288
-71.4181210312652 -49.6509883493293
-1.29565724816304 -92.9024519081153
63.7008949323843 68.7433719468845
7.83354559041396 -29.5059833363965
37.8432201432838 -43.3477164576805
49.7097023544202 -10.1711430266432
75.1559770759271 5.75857504853696
49.4543547157831 54.5180020945215
-21.8192500788399 30.3296237586508
62.7552669410996 -25.5038045797326
-46.6836648206521 74.2387622069284
93.7175855555382 4.83054950787735
46.7900206427788 22.7062234042293
-25.0078418998101 -28.4947746850893
-54.1796388694431 -5.79576646097061
-77.3211613280728 -34.8997339360965
-28.0082509529589 13.2237183552459
44.3378866908913 -27.2587086658413
-44.0152097120646 -21.3079531264543
-81.1151193798525 24.0077866614821
19.6152859008257 -46.4190604758862
-57.2210495134509 -35.528376514607
32.053190238866 78.001918859129
-3.65684794637234 36.9322467411574
