30   20.5309500358235
0.25892161262902 88.4524257587988
75.0492149562239 -30.0445792639792
-46.7579043644508 10.1700260115907
-57.4433444427097 -58.7173786915563
-75.0492470654795 30.0445548284864
85.3550455353053 35.3550379612919
-54.2251968881138 -22.4611064412645
-62.7283734576049 62.3622355405449
30.7360111857604 -74.2033599823484
38.0362386652646 -41.3868868077152
-9.75993843157378 23.5617506219854
57.4433161954583 58.7173497519552
-25.8715468791467 -40.2531846282753
18.4034596031339 7.62294766430001
31.8228891501516 74.3123590221136
54.2252484532506 22.4611083434541
-30.7360325611325 74.2033796038355
-0.258918931690562 -88.4524459965345
2.36889349779674 -56.1599122548739
82.1376471156088 -0.90088031871918
62.7283776738374 -62.3622715382649
9.75995991903297 -23.5617734618616
-31.8228647981129 -74.3123426702441
-2.3689107731215 56.1599492342515
25.8715159575447 40.2532375489351
46.7579101786456 -10.1699727939556
-38.0362558153385 41.386909037692
-82.1375973797179 0.900873867227526
-85.3549821759838 -35.3549711938643
-18.4034503782459 -7.62295394155081
