40   17.6460142177296
-52.9468127043709 -13.3132748353049
-75.8618756472527 -32.2989754147546
58.9215576204809 -63.5591975193768
68.3710039604348 59.52532441299
-13.6671330533324 -81.1632863256999
-2.99279391207354 87.7933082362906
35.9643128868078 -40.4977303927119
29.4221742640934 -10.7075855374854
20.3470750343318 47.1173176168323
47.9812299846256 38.1663322090454
34.197076344388 -72.3638675491815
77.404828089014 29.4604154822703
10.1114675570676 -58.6478465127312
-0.264201321782128 -0.62908802424612
-22.5841046942795 -22.4392771009838
88.5105811788236 -21.5757016220539
66.9408191553619 -43.1589627417578
20.2989035685493 78.2589620781695
-38.9456565863089 27.5869227518861
-87.4475915262583 22.2005300710345
23.1151563504177 18.624008832688
-17.3334802891827 -51.3555387716104
52.6255353436312 9.52569598881632
-28.0849229700932 5.54382012101274
-45.4019339455226 -42.097587831461
9.89050967704623 -90.8181258755408
57.5675923379886 -16.7094591123855
-5.98873565953675 29.2391292636746
6.57359120868468 -30.141096543352
-39.7168173252807 -72.7069362463176
-66.6251022894555 44.0217611664093
-58.8530510837122 65.3571376659631
43.6880890368398 68.6066978247947
-66.5161145093642 -61.5594929142213
83.1730395427267 4.14269390824852
-32.5139394599058 48.0675730247806
-31.2017237962718 77.8150064972177
-60.2607388148145 12.3491975915685
-85.2198622285838 -5.83528724335126
-5.16991246413343 58.691587425386
