50   15.6694206454865
-75.5068121364869 29.7382949755832
91.2844926124669 -2.34135487609547
19.7726890571163 53.2754478165254
-1.60503396610588 86.9480124982512
41.1334820044471 -41.8441316729837
-48.2409765678392 -43.1116924039019
69.8318382781838 -42.4382331358651
-46.5522799304643 22.8983376162024
39.1603583558728 73.3602034809407
25.4341443233642 26.4848832317337
-62.9216214138073 5.87548776486031
-83.7995551126564 -13.2723609871238
64.5543679503026 65.7023332918018
17.1883665337266 80.4305120018217
-50.8514215589413 43.9046258168784
62.0804211971712 -62.5797394334239
-75.2872648891013 -37.0406239133443
-7.09815105558112 -10.4537375082344
1.10438812149978 -91.8348439517177
48.773231823815 -21.7562563868239
-72.5369633135878 56.814814831401
0.667406656826873 32.3145952041887
-3.66227834845026 60.0931172740166
-90.8337286630335 8.31338427635933
-24.88932160398 80.6096016253928
-66.3647739495836 -62.5886355498543
51.7624138627479 21.1840663700235
-56.1233221955516 -17.8035885566954
-52.4337259005481 73.3487030508842
33.6600031692332 0.609606217252904
-23.3229520086923 -52.0463635819291
20.6428584493754 -49.4485497223333
20.1414221248586 -21.0203046342469
41.5245350664908 -70.3253972359896
-1.86614175328902 -35.351117626436
-31.0795388322436 58.8044870311966
-43.4791575992477 -70.3687603699144
-0.417722712649959 -63.6672507579719
80.5865835138355 19.920005695478
21.9749327164707 -78.3086090039365
-28.5920292573693 -26.6001070787829
-21.9877616907926 -80.3155748803434
-21.9221697897495 37.3269958733613
77.7562275705059 -23.0910500950165
7.61052112354638 5.18667356039408
44.8774176747782 46.5525708605072
-18.2601216173276 15.3656056833517
-34.6041640658293 -1.91954587850371
71.3454114403767 41.2738015295296
62.5620806709903 -0.867885980157024
