60   14.2410603346148
69.4216222742522 -18.3797302261289
-45.6187319565519 14.8239022959026
-45.6076482790867 79.196719527961
-32.8278464242359 -31.998181513184
82.2350348117498 21.5544014964215
-35.92552869878 58.7553707953177
19.1448222761465 83.7310748254166
-73.4494508759122 -42.6443301732297
-22.807082672897 8.25076804136719
-29.7607506807149 33.1566281135534
-14.7760815565523 53.4938884942764
-25.9205066371352 -56.8539544485716
22.8420373751789 -4.8225083606841
-20.9112536824144 79.0879777126568
-9.63817291841456 -39.8070683394972
-16.8628916231276 -14.9016164055713
37.6450426246774 -53.2960621289672
24.9362984176318 58.9934438258898
64.2637002746626 4.54923025346635
-7.74551393155136 28.5756985783475
44.4401093697469 -74.0181461558212
21.5702655314544 -87.3080119976944
88.1551373827154 -21.8395660307756
-57.2393742599725 -25.265683623321
73.4020493011868 43.2661164274842
-65.1092111534913 -1.89773921230438
-20.8496328172023 -82.2382681342287
48.5535948535404 50.2870507093237
-42.5340742627138 -73.7560380837899
18.2496072741222 -68.5897867875637
1.68931598769068 67.7838637003578
-0.515397062972577 3.91102556476066
8.69027996813073 42.870326894238
53.2538528743288 -37.6591032708333
13.4857341161601 -45.3052797074538
-4.0751640636507 -63.8027171230531
29.6184448174215 -29.1332984750127
61.890472279321 -61.886315637311
73.8951910781812 -44.4481422570978
-1.20364072068519 -87.1886571041255
-41.2563596437946 -8.25409517158368
87.30491726628 1.46178230953819
-80.9952645876369 -21.5219312934341
65.3203524582475 66.2737400285753
57.1598276371822 26.9201540271862
-65.7567048407691 -65.7900843230312
-51.1198827237378 40.813893238923
-88.8126961993946 -1.77672563349919
5.783038477687 -20.8286647211355
41.7165531610099 74.8824211659354
-66.2527879416794 23.2682875409739
-83.6437850922512 18.6124237186658
-3.01726214514066 93.0760782528264
-49.1290160322014 -48.9563817708139
40.8542588073974 10.9144598683929
32.2871666562006 34.3098476688052
-77.5303550325769 43.6126788234375
15.9972367871285 18.1935156522471
-62.3199731740963 61.4953756411452
46.6822783250424 -13.1597614504908
