70   13.1593812226693
-44.7212951273023 -48.0615960272412
-44.2793912748966 -72.3781954300689
-29.7634065349983 58.1798730087592
11.891123337284 63.733223659398
-10.7492046186159 24.1323729826244
14.3700309690417 -14.3681928205048
-63.8542043225843 63.8550641255137
48.0660773960363 44.7206877200332
-48.2440758963097 48.2417864495772
-44.5600227016076 -3.00045332608622
61.0548480929874 -10.4917737835587
-25.6828439784386 80.5296343007395
-85.3811965778778 -9.93395715834209
-67.5986692634103 8.03757548746984
-80.5280092315908 25.6821287773304
-60.0224744833608 -32.9566690958959
-70.332893397483 -49.3176647133467
-22.4498702247892 -9.28086693781265
-58.1807363103115 29.7619439049274
-14.6033121967679 45.389684727678
37.2025172304618 -11.8933319857076
11.8964079754643 -37.2038908070408
-91.4561310363712 6.12123357433924
68.6185425604364 7.56123865954873
45.2614671066858 -71.8840146379379
57.1029095651943 26.666601129566
-7.03581155163969 -45.4218912980722
32.9691519396894 60.0142042642876
3.00506263083187 44.5651171879574
28.8146594591278 -54.6050937020118
-26.6648598052752 -57.1026582545154
-8.04064106131392 67.604292862058
-1.66857623948731 1.66820483295607
-25.4425402923896 -33.5778736253796
-24.1295440829804 10.7518234999432
-45.5054150226843 73.0776722006147
10.7050321245871 -84.7355350463398
45.4243229500772 7.03333772894541
9.27795024027887 22.4527916866569
31.6290750482593 -31.6300558074966
-5.99337421850519 -21.7969354439095
64.1618949259667 61.421154066389
-41.5483237173354 -23.8645776623603
-80.7937801996517 -30.2319497960138
-7.56574498809739 -68.6216599262238
84.7394167813709 -10.7118809872231
-5.45762003149393 -92.0667113145662
-63.7387429844091 -11.8931023555069
49.3328800619726 70.3427254253495
54.6028337877635 -28.8097816818293
65.3554868074701 -65.3607606595735
9.93694350063858 85.377654091469
-25.5311610247442 -81.0939360719603
-45.3877674145155 14.6089294357456
92.0658932203079 5.4591076110124
-61.4351710342877 -64.1698528156031
81.0904772270544 25.5280391228493
23.8707550985902 41.5421541509521
48.6885746323207 -48.6857702353375
-6.11975049737528 91.4618795542467
72.3829112709303 44.2807641979088
78.4862597081825 -27.3292418121914
-33.2132651395084 33.2129227987369
27.3194154953824 -78.4914339061212
10.4958006753216 -61.0505166861934
-73.0796637356118 45.5063014786785
30.230167698935 80.7902642487814
21.7946797357707 5.99804761310386
33.579743784869 25.4392528317481
71.8797328160964 -45.2698110039077
