80   12.2606244741469
-15.611409411196 62.665507131324
-32.0456054395513 77.4779328402675
-19.9098586054435 -83.6068784468976
-37.3718191725956 -54.1553642960569
16.9170999586492 -40.9052714078404
29.3865870941784 -0.521958280323314
70.1962785021456 62.2757012185153
57.7845724152805 -29.543734395838
-16.9234685001634 40.9149860929309
80.1847091050866 -27.4457444426194
93.3234944034851 5.2308868589804
-20.1352749748575 -61.9066305142175
48.647886273572 -70.9130987928564
64.6573237708026 -12.0064372206838
52.2301431686685 3.39349571022028
-59.9440970741774 -24.6679764407153
74.6522232724287 41.1258438061947
82.0481542328527 23.443142304705
0.112656006951607 29.6553833792683
-10.0396965482188 -9.46194346342804
-15.6698749039682 84.5451453450973
59.9536029067475 24.677302010795
-82.0473934768041 -23.4413818283277
-1.60177611683808 -93.6668593158527
39.4487829435329 16.6625330807168
52.4647513156556 -49.6883327841887
-8.19116554570697 8.98127748838168
8.21536355054435 -8.9789486587166
2.06068718940935 72.0981279176918
-52.2071262678645 -3.40305960068605
-33.1958262002445 55.3576248101518
-57.783485253988 29.5428759485168
-93.3302906169355 -5.23097113190089
85.8643158768726 -10.5686681349036
1.61298571757352 93.676066628677
-29.3628593735766 0.527505817117695
-39.8640587285664 -35.0965240974458
-1.58642270107771 -50.79290397089
15.6076450887991 -62.6636959287618
10.0160663178116 9.42745123989669
37.544695711458 76.0739126553834
42.0637292849661 -14.7577755266437
-53.5409891004853 -68.0764143399956
15.6719973482297 -84.5369731925667
-19.2467710749493 -40.3896900788762
-37.0260442206516 34.8033646959989
21.0548429022164 -21.1905008198224
-2.06847322349651 -72.1002872185268
67.5430899899481 -65.2672927338056
-39.4189856433631 -16.6708577139626
-42.0638132506796 14.7496386136148
-0.116572955318997 -29.6469887605076
19.902212124325 83.5908641219477
-55.4404413661673 -45.8678150172164
-73.0352802929418 45.0667963788384
-21.1576602511051 -21.7018778297408
53.5302019238764 68.0772864383384
-37.5527122334431 -76.0652465792387
32.0410437375388 -77.4768167463909
73.0303351101753 -45.0727134210295
19.254560463775 40.3764622084218
20.1338377532504 61.8933982079005
-80.183474261807 27.4386982293498
37.0256477574269 -34.812343980826
1.58846364779371 50.7913127882908
-67.5446689247259 65.261637967677
-21.0523256252249 21.1944397409036
-52.4680020562381 49.6854201192179
-48.6537917805026 70.9105758956281
-74.6463853354054 -41.1112339414441
55.416113434703 45.8506761845485
-71.2736133683637 -6.54210025854818
39.8415066268688 35.0798308806775
-70.236106557225 -62.284078070909
-64.654033511443 12.003385732875
71.2696455085096 6.53873963355577
37.3694975966512 54.166203767791
21.1300335172465 21.6710992803271
-85.8618544087051 10.5676653396648
33.1925002277111 -55.3565334834321
