90   11.5228504285776
-0.619345427792572 -94.6730703532073
20.955120233595 9.92661097904168
6.07276166706615 58.3836537008157
-35.6239242580098 -57.33888232675
17.3010274037229 -85.9317743149864
86.8586309321919 -11.7618452387764
-32.8976164897281 1.96906429416981
60.85680174924 67.1706660192987
51.9621722165808 -51.7705428439819
-61.019698832744 65.5480403030723
-84.1899954984911 17.1615593237238
-0.366377801626854 -37.235628586292
-13.9699622998861 30.8244993847594
-33.8426449313783 -16.8773966891567
17.1314732672089 -66.8812067254515
-35.5217006785164 -77.5839342468184
-79.0058434911997 34.455186238709
-11.1471269423035 87.9625051028325
25.0587464067196 66.5171690876978
54.3126760255479 -32.6418816595218
-35.4454364571465 -37.1953054490374
39.1779396481637 19.1756260169285
40.2409133129284 37.959661762876
35.4196683900134 -40.1141115682371
-65.6026295146174 -33.5284214674126
6.27341111634411 76.0803234346113
-50.2168373689631 11.6900316283286
24.8654010004704 84.5353517474113
84.1136455503387 -32.1677442187809
-90.9273612734941 1.75011685205651
-85.3865298888628 -11.1116402691073
-50.8254713293531 -69.9629969318288
3.30215900471774 0.953486860831179
-0.76059498315859 -75.6414625002664
-28.5906505068837 81.0797823315123
89.4587448406615 22.1626902161311
-15.240848251098 -7.74695060444258
-65.4662972351158 23.2664017969936
-73.5264147605819 -48.0936763188492
-18.5647247035423 -85.4077681720588
18.1674092002839 -28.9364301512611
75.0275770919058 35.8940252912916
43.6612174725206 75.9982470001263
-46.9353312436722 31.7180624692661
71.2567786535174 -4.14947044355933
52.4797733736356 -71.2562481480943
17.3277959044536 -47.770568838403
-18.4254550631453 -46.825465671855
-60.4558726993608 43.7425230585639
4.32777538874127 39.7085767914533
3.34362872049826 20.4362461130578
53.3236353657936 -12.2083112105374
-50.0309069910691 -27.033502514059
5.49601859542429 93.5888605156043
54.2825267786974 7.40632797043232
34.8061822547953 -59.2756436050711
19.7856358210787 -10.2023424197004
36.3042211650172 -1.06746052077733
-51.4932992009728 -6.74560786203579
37.071990060253 -21.3601124773467
-30.1977656833571 41.3045673528485
69.650291820754 -63.6819100546849
34.879377326253 -78.4830713978765
-45.6618565393089 52.8038017824598
-74.0012748648809 54.9302644570874
57.4846218432654 47.1179909381702
70.6441663773891 -45.5327103099105
89.5686336135087 1.9013550048764
-83.9581873315146 -29.8806887829022
-18.6194756087478 -66.123609722129
-0.70259118479123 -56.4370107624759
23.3719471214775 47.7920951529686
-11.815126682073 68.8485010454649
-69.2262095375816 3.62757139230944
-45.8564306480026 73.6512152804207
-67.5172245408578 -15.3040148364661
74.955069779634 55.4750362969043
42.3529632141618 56.9426231424093
-12.6415588460041 50.2894965723348
-51.7640324894878 -48.5912614339809
69.2320786091466 -24.2796113757912
-64.5726227539129 -63.4996917551448
57.8465167637666 27.3646539363684
-17.7592984551744 -27.4207967224904
21.5432933006069 29.0688197763768
72.8884656567718 14.9664021788169
-14.3466533776653 11.1388100050514
-29.495507556283 61.3042264009735
0.842163393358813 -18.2283998145925
-31.6682362718681 21.057784813667
