100   11.1427404236911
71.8557228759939 -5.72959513565494
-77.1720312727153 -55.6932075707536
-20.8717527245492 93.6511184388463
-17.3414882415657 54.538972167824
-82.1752493891985 -36.5142147359711
-87.624006509602 -18.3856715217162
51.4345857879134 -33.4355829171182
-32.3098808642804 -46.8236742596198
-51.4346876082756 33.435465512089
69.4318592911483 -22.9066983223648
-1.56417795128789 66.0825969543606
34.9807292968545 -25.3372375350038
-30.0870323436988 -66.5030038233489
-17.7441124443033 35.3161992396125
17.655831810897 -16.7430936283152
-63.6524271742943 -45.8737265941926
-13.5332482095245 -75.7813297292024
-16.4522788651292 -36.2924453839041
33.9764522531659 27.6034961369944
35.5671660474874 9.80951646085902
-71.8556255856628 5.72986105902654
-0.502047130404926 27.5086742731204
-33.5964811715737 63.766593832192
16.4520787004344 36.2922849207976
77.1721516644485 55.6932578941109
53.0159058582613 -15.0466408163096
46.4060502536618 56.5746724527421
60.6140379003683 65.8197935068947
20.8715897641772 -93.6509511322094
63.6525034738079 45.8737453303083
88.6641196446372 -14.2549172366253
32.3098874339027 46.8236586007201
-65.6592720660315 42.2273898311467
-91.0882458647154 -1.54235380014027
-78.8637589857915 52.1275317395576
-18.4712658066794 74.1055853765714
0.222807301501766 -9.05495150162787
-49.7994535350118 -36.714096884762
-30.8420127286363 -85.5134549680317
34.2981896291698 -44.3824960673884
-69.432065287194 22.9066786313006
-0.862705424615773 46.2641982774525
-35.7911864810761 7.42073976162592
-49.993644838486 73.1535134872547
-17.6558499416926 16.7429204237525
35.3937532523374 -83.6998566352886
-53.880605157188 -1.67171417834335
64.3155573491243 -62.4592839153268
82.1752235896698 36.5141792905822
-53.0158371506785 15.04675714058
-35.3937857074888 83.6996776692942
52.5059945851639 18.3182516628301
17.0029938106805 17.6739365411777
49.2883287477408 -53.1638438806775
78.863916348749 -52.1274415947329
49.7994880599984 36.7141126553378
65.6592234174078 -42.2274744375555
-17.0028902789132 -17.6740460238519
-34.2985160601365 44.3826178612937
68.2542092589603 26.7920828009266
30.0870271489097 66.5028008240491
-88.6643740443204 14.254810317365
83.7656995062196 -32.526995210119
-14.9875009911699 -55.6435760067904
-52.5061436745129 -18.318294251066
3.44628566724714 -85.9687655166607
91.0884223183704 1.54224095547323
0.862530352441699 -46.2642208683704
17.744039844722 -35.3161202744067
17.6239378586501 0.549859410250317
-83.7658621118906 32.5271250970851
13.533471497629 75.7814356198852
30.8420331421092 85.5135233467203
35.7912955828699 -7.4205308098158
-64.3154260495133 62.459252714213
87.6240258441937 18.3856622468562
14.9873251220912 55.6434236655805
-71.6130768260144 -9.31633206189123
-3.44639576229383 85.9687868775066
-45.6635418260502 -76.6646332061767
49.9936528086865 -73.1535497937712
-49.2883826020603 53.163962456716
53.8807845361124 1.67182428537247
-33.9764812749946 -27.6032839361713
-17.6237737851556 -0.550140349027929
71.613130704205 9.31635420535687
-0.22265248589724 9.05493517430322
-35.5671451937752 -9.80949481959991
1.56444674105289 -66.0823790288621
14.0516732488177 94.3958477141063
-14.0517606062931 -94.3959741775559
33.596632270318 -63.7669082862288
-60.6140250796273 -65.8198092483667
-68.2542787066793 -26.7921483544043
0.501981125958299 -27.5087858802266
18.4711701319529 -74.1054107757212
-34.9805951186644 25.3373535818911
-46.4060277078558 -56.5746795896187
45.6635599191092 76.6646024585725
17.3417275776872 -54.5385827850778
