30   21.0311710363772
48.17593725587 13.344399903911
-41.7308514325433 82.4722195680675
83.6187144885975 8.93921818856661
-55.4538262276708 18.8556898969742
55.4536448603355 -18.855617188612
22.5315550347311 79.878468703626
-48.175763165996 -13.3445084760963
20.6910449590463 -15.7938760692157
-12.9434627756142 -15.8033675880324
-88.810015302163 25.4884158819378
-8.44603619800182 82.0282500770798
88.8096184492329 -25.488342786096
-2.30010485513653 -48.5310213195815
37.2720596632022 46.1501179667888
-30.8648383362554 49.1242735770746
-37.272089970677 -46.1501486841147
-73.68312835051 -41.1770681364821
-22.5315920865349 -79.8784367254904
2.30021983051014 48.5308710580839
65.05871675406 -52.8595048414857
12.9435723728417 15.80340994247
73.6830570696362 41.1770997733681
30.8647539639451 -49.1241823118482
59.1069394138399 73.9556477222573
-59.1070179484917 -73.9556799560496
-83.6185972925474 -8.93918080115162
-20.6912463141442 15.7940219141604
8.44608032778403 -82.0283947191688
-65.0587391335264 52.8595718228626
41.7308209184823 -82.4719673935641
