40   17.9694938549199
66.6307819110887 -50.3886044248743
-20.0559407931354 24.7093450262541
52.695267974529 -78.1087952719009
-79.6112805660731 23.4345634785141
-0.11094678624838 0.0546597334791101
-76.2746179429169 -26.9341072314641
-12.777283705728 -28.3869921394969
-60.9218962029217 -3.92231018504572
68.2844767297654 51.620052577074
-39.1628518351274 51.7393843815025
60.1593705907826 20.7362813347895
-31.7601504122732 -86.2908193911993
45.5535670563964 -26.7102178259801
-25.8755486240408 80.6872553789795
-3.37396909840754 -82.4202564235504
-71.4243611525501 -51.6398453414832
-44.0478833559315 -31.6772510060705
-57.1297408026823 75.3704148628782
34.6978394049581 -53.9649736391261
19.1838359723739 58.6304386192265
-49.7044860335457 23.8563263790188
38.5578387123653 35.1317876522719
48.5522248797132 66.0311062940804
6.3915706759863 -53.1615200517937
-1.34329212276498 83.605846249122
28.7924936534081 87.6022027887425
-70.7672946107061 47.3295819624008
-31.1893444529633 -3.50506189680055
80.2149338021011 -30.4517146089868
-22.8976074442075 -56.0564477644546
-49.6012090303204 -63.8699570114974
84.430317484266 27.6001761228215
22.1500180677465 -82.4903120759876
86.9525676232937 -2.22184499506254
10.4797036852331 28.2078617832107
-91.6617270293188 -3.00936098619571
18.2411988129365 -24.7250450114274
30.9822638579788 3.77224251780147
-9.68683439419725 53.2660167592569
59.9472867290695 -6.83990969229191
