50   16.0265075186806
-56.6943908561732 -35.5088953158987
29.3080348044449 -60.2380080636448
16.7883779367863 60.204730020214
-57.8434401162105 62.5799487697864
-2.53808447058678 40.5577908306923
-49.0956022459704 36.0499996545539
-38.2947315741191 76.1479747435235
-89.244516752568 24.5960016384754
-61.081654143762 -9.01401429215299
-33.701388372443 -83.5363687140459
81.6463028452549 25.4130462113594
12.7903126334713 -83.1244779484285
-34.4114631688364 -18.4286736240984
39.3635809903005 -14.189561746773
9.78024507547483 86.6267900844093
2.51171033132645 -57.0565917523659
-72.6942465125439 47.9412940062272
87.237487182179 2.01701619520378
-87.1485645132268 -2.54860937469836
-51.1891584132065 -65.5725528691739
-82.9935649476786 -27.8616787315371
-8.14671326921564 -32.0269670112675
-34.7635802477473 -42.6948038535073
32.5842982499335 9.72061756997724
72.7948590294339 48.3506024409169
-19.3169306860652 91.0210423308852
47.3940095143952 -39.4356331539388
31.5325396003988 81.3075450858976
-30.076593703349 50.0156678754268
66.5146655817131 -19.7841242021145
24.69269854957 33.7257498464185
-13.8571703070054 -4.38434858365241
-67.3621761275178 18.0474329926295
90.0304580157096 -25.8632059765468
-10.2323887063831 -84.9260992721083
-10.3021750225209 67.1855795336743
72.1080847386567 -48.5183101440461
43.7209455243419 54.3707195389991
4.54920595486253 14.3029067736126
11.0217279663439 -10.0303872197536
-21.2593785794152 -59.8434012189137
-40.589435645674 8.72752912671862
-74.3494307504028 -54.8277142875598
60.9103553909528 5.60892602295919
59.1947694642349 72.1575755830572
53.2044641243074 29.8850652742083
56.990411563613 -65.2733313071302
36.1119735290674 -85.300928086546
19.5668066205496 -34.5822925814878
-21.9693225986028 23.3068936965002
