60   14.5278148242653
33.0916357862355 45.547561070612
-93.3481679780569 8.15943353426911
-78.9463837908308 -36.2533059635535
-29.8982121984364 -83.1636840459546
-4.01864832871785 -41.6527549509408
82.0379097462861 -31.4307748949793
-81.96388333649 32.5288186252016
6.67236012247716 44.4113862667947
59.1229358322374 -28.6387451295318
79.122231028567 38.1600999110476
-34.3901148179632 26.2859741899776
-45.5074739828245 47.3779920325141
-35.7240137215018 86.3970230153926
4.67469339756647 -65.1220145702146
-38.3760415429524 -16.6972547368226
20.1517465426649 -44.148625940915
-69.8542246462867 -54.1376401512227
-58.4886596831737 29.5376155209879
2.74327151630497 3.77661139558148
93.2077771785157 -7.27676754880635
49.0800715049483 -3.90332753926751
-86.5074720306842 -14.15294530409
-48.2166773269785 5.52127264415405
-28.6527856440726 66.3303612634874
86.3215222325927 15.2528200747921
-71.4442598880642 52.4906535667037
10.8904458050221 -20.5887000016096
36.6050999914302 -86.2581749902763
13.2725883036328 -86.6443955372409
71.6608758295997 61.1550723938254
-19.1769024812228 -62.3834686190169
36.0154914503391 87.0513104110542
25.172193149932 -0.817287580420343
40.1761541797224 20.0712879800955
71.9390425011054 -6.75225030472538
-55.2436901041657 68.3094766322266
22.7541713586261 65.1803422313751
-8.5578762972174 23.6857331471165
-72.0056825595727 8.16150269220377
-42.7103431152859 -58.7887971984101
11.8409731262655 87.0409940053103
-54.7575224004736 -75.3717344804695
-10.0809379784914 -86.2856119540186
30.0137938950258 -65.9573085329485
-53.4061280699126 -37.5220534044959
48.7468580210822 67.0958654769828
-12.5220063286114 -17.233284275086
-27.5920573487476 -37.9765690288233
71.9994551831446 -51.7274965468765
-12.1692838468007 86.8100202566968
-63.381534671417 -15.679123734882
35.6286646681574 -24.5827688743414
63.6163075948636 17.8461962292711
-22.9498460461609 3.99179891180841
56.2645069628885 -67.9012524064283
46.1671086421768 -46.4968174626183
54.9587853628569 41.7842044745798
-2.687575567328 66.0165446505449
17.8822469216835 24.6138513676699
-18.8798158731994 45.4694586615578
