70   13.401082226937
-8.12702143954812 -86.294587104866
64.53101001936 -17.521598833375
-22.5148695467783 37.5058328422424
-59.9261418558418 -38.3354660552646
-1.74589288987764 -65.0192827339624
-30.2380664577193 -89.1678604359364
55.867969344001 18.157678050744
18.409381026923 46.7729781471098
-41.8974011126431 -52.1222075575538
-32.4406350635156 -10.5409813825392
-6.42612066557536 19.7622191706493
57.3065449105747 -65.0293947797319
6.42190986259827 -19.7593901885629
-10.0218596863451 84.39401601088
1.75416129673863 65.0264372298916
-79.6993153169931 -25.9005428879333
-57.3061737200344 65.0284286524838
-55.8678697161423 -18.1606993736399
-64.6308984530259 -60.4533149296186
39.6455741706696 -51.5715060455631
81.8431996729492 48.0211483788186
13.0138607309597 25.3866543030459
47.553271027955 -3.95730287711323
59.9306551944557 38.3369150069581
-18.4150395872931 -46.77349445846
-27.9666876209135 86.0646576123275
76.8813019027578 -54.3572083300444
-76.8828442384876 54.3586308745153
71.0184090131815 4.21970749509436
-20.1363854852249 61.9537895337671
-3.83266318509744 43.5703880030506
25.4534506256704 -12.8896864030017
42.3920017623399 -27.0146959995446
-13.0189370469975 -25.387477098473
-71.0194829823148 -4.22219268516846
-42.3903363818601 27.0129017584072
-39.6511047212631 51.5698867130845
-36.1465474076314 -31.1583834706171
59.4334759207371 -40.5610868089414
-25.4548360281067 12.8913592716236
41.5052298855215 -74.1648948383624
94.4388836339519 9.26411708683018
8.12875135577633 86.2950863859036
32.4419534282501 10.5414509229783
30.240330247512 89.1680603675109
-81.5431383438312 31.4493824198278
-47.5534926149401 3.95319772694039
-24.2290811411871 -67.7607123127952
20.1342586645059 -61.9484942438308
-47.4853273802456 -73.382576533846
10.0250104583101 -84.3954114261343
10.6412462607589 3.45556715329169
-64.5280864143703 17.5121239935668
41.9003398913591 52.1089737918103
22.5142448618756 -37.5016979452541
47.4811137237031 73.3791866320611
36.1407553463552 31.1563795645666
79.6982854460589 25.8996692583529
64.6319183562267 60.4578722317176
87.8267416401369 -10.9120396450147
-41.5064080574497 74.1633919465673
27.9655626575121 -86.0579527852379
-59.4304803393185 40.5534267090168
-81.836857601267 -48.0204797408086
81.5485399709352 -31.447586828973
-10.6409153253002 -3.45126023572243
3.82885022287406 -43.5680575848547
24.2333242493248 67.7493975675674
-87.8281644605027 10.9171391889418
-94.4405416122212 -9.26289915619318
