80   12.5481312739638
31.8290454038525 88.9193396555795
36.4996147347315 -37.1690207275278
-80.574634192269 -36.9616967608291
-25.525974274839 9.91308890776565
-27.8925615013762 -47.1307450063538
53.1458384915865 -51.9814813990952
-58.3376463786439 66.0936985740663
-32.5357369140288 -9.68126048068671
-6.77421785775288 -46.1265354500748
29.9213043163881 -4.26556236128017
-62.2844230925383 23.8147059918479
17.7783047871292 14.6140118549819
81.2510945931158 48.5392973749647
-54.1355136830028 -11.9579301249723
-26.1799079166517 86.8263249653028
44.4336574865304 34.6914155629366
9.62643427957038 -6.05400917472705
-7.93929099640809 86.1718306624676
51.7717613508165 53.9871675237553
-36.5549914193323 -66.3289444943699
64.4536962811081 -66.9070317136122
44.1193294920806 -74.1388168418146
-74.6980066708978 -14.8002616368146
88.3860018235235 -12.1544705951001
10.892027178139 87.5519284046215
-20.2176475130773 66.5022983250641
-89.359642088085 3.26535416904273
-47.0932103128674 7.59197276599307
-84.7750757201375 21.0294163699813
81.645558337157 -30.9651500918079
1.92996547255496 -26.2223962733392
-41.8826583117692 77.5972936523414
-18.0983827213603 28.4489886154084
67.0146170109665 -14.548227739322
-61.457023413219 -32.7534225825494
38.7803473849527 15.5021149433672
14.1247693410994 -45.0962383355761
2.75176105654504 31.2828033623007
66.4926857894682 65.1525592598784
-11.0811934213678 -7.6055313228226
-7.1874096931133 -85.512860787148
-40.3262466156039 27.1218538760761
-43.7449040329917 -82.8505279602518
10.7908317879621 50.9340568523454
66.1651117274456 40.8797755157605
1.45185503349725 68.6799791261716
-59.5189756511602 -65.774789757505
-31.7281970247475 45.9215951093157
82.8138758621078 26.2397761559921
94.7493728934603 7.28887168288529
-16.7684337131417 -65.9274944243767
24.6480381465571 34.00163507054
-54.6887152464926 42.4510063191927
-77.8578334884989 37.6886855730633
52.4939696680031 0.869486953878273
-92.4835211314306 -16.881935229398
-3.41079975231986 10.9948364171689
32.0998333588986 54.4121197194138
10.6269982122758 -87.1763083135855
21.526463181981 -67.2183143083561
75.7393134442369 -49.7174679533322
74.6205038762367 5.40100624450446
61.2362311196574 20.7979781560698
59.4243881028872 -33.8130529554802
-10.7666698742248 49.0008073131332
-24.0677354609831 -86.1518591822707
-72.8093299514551 53.6557494186003
-19.0586899926383 -27.4062305824995
-41.9285096642636 61.1447327249134
34.7592773012231 -54.5631060574912
23.5929001103519 69.7178034126554
-49.8030725122303 -48.5940804536051
46.2097333828707 73.2922890099668
-68.7329449854326 5.22480783303074
3.32897397869051 -65.0603507050851
22.547927986224 -24.8244142746356
-72.0686187414287 -52.6584613667615
-40.6245077639343 -29.3282497062353
30.07918316468 -87.1782968266084
44.4621695867422 -18.4882505541617
