90   11.7464249934585
67.4618133437931 23.2249603184016
-59.26117912294 -66.5535821131411
55.0062728354004 -6.94082306005056
74.1014358390105 -15.2444814592661
-33.5553724244888 -3.26347289082503
33.3986284628874 22.1882994680418
87.6181098477526 15.6197361018743
-28.0851042199104 -85.9512485505861
82.1807271051385 34.1771465145278
-27.9925431122702 -65.4339050664047
-18.1554296702297 28.7402978722214
35.8767778305664 1.64830331880988
90.0776627519841 -0.615743720032121
23.153146953723 -48.596040544369
11.9598148875025 74.283927273148
17.3827996708739 10.628314127769
-53.5122688651227 69.4585404536663
91.7149509534148 -21.0302841705557
-84.5523540214853 27.3797197361524
-0.875145382771563 21.1500313407047
-50.6798210106687 25.9861432514775
78.0877158994725 -35.6296657745001
20.7542355792272 -10.2209008363792
58.9920649526514 -27.3264012861327
-38.8086617554034 80.8373569078587
30.0020351214043 84.9471096011848
-66.8159933316535 36.6138067249974
-50.8725864981126 -13.5726547849807
-5.65919181934441 85.2044731839261
42.2500227516453 -56.9019978119279
-62.3528763725886 -45.2813532153912
11.0635975772166 -92.9643253079278
3.01205704946072 -19.5454388620437
45.4209726274846 54.6787159709536
-68.4440930768125 15.633665407285
-51.6067529607076 5.31569549364031
8.38872771584355 -77.9135145052983
-10.605355327656 -89.1409921832953
-51.0761333598455 47.8821611825215
15.134019101294 31.3242299192308
-15.8330935924633 7.84973368353715
-3.52568103179106 63.9186240131365
-12.5030624593113 -52.2052506560796
-29.6410714509865 -44.0398549339431
48.9725475818195 33.5565617427999
51.9061615217162 12.8503000410587
-77.2294308491601 -56.0228298784697
-18.9635341318388 50.2599413054456
13.2916468004077 52.5732082224891
-67.1676337463896 58.5722109665495
12.3826955490513 94.3434352526624
-33.9101137338909 16.6881393167585
44.8773345690398 -76.9589688100629
21.4375257701193 -28.9869819042971
71.2601312213908 4.24176171184416
-23.4324740280258 92.496853589048
30.6942678155674 43.0534979230106
61.2182712101123 -65.6208112328025
44.9712289707892 76.1980708850364
-84.4527096468548 -18.9713641710833
-32.5526235282749 -23.3396708945962
-36.1012466484224 59.647022870669
-20.8760551691843 71.468577180165
-86.4650620477482 10.4695856070699
-65.9294003399014 -24.5431420586731
2.26852178667806 0.144277600312919
59.5129827820869 -46.0022989659541
-34.9508055781011 38.2975224621256
-44.3884329715235 -55.8850109763077
-81.03287283751 -35.8374485313201
-91.9815351006064 -3.19670276753933
-69.9522073604596 -4.1056529921298
29.2727437326012 -85.42944774991
-11.316211458717 -71.6009118406501
-15.3173964431552 -11.9960026449909
78.4471415196533 -54.2148016354676
60.4695062078565 65.2191757530838
25.8948649472928 -67.8122100612811
-2.41490053236334 42.2851404924394
-14.0831611116979 -31.9628735845176
-81.3802145642645 48.8614860809708
28.7764017600148 64.4621790767115
6.22903265761292 -59.3585593373725
78.4419064294618 55.1293619758005
-43.3443007906422 -77.8039622891785
4.16337264462306 -39.5701701735711
63.6759661417253 44.1896122344857
40.399821159918 -37.4000031913787
-47.6131917236212 -34.5766551443885
39.8794274069613 -18.723682424112
