100   0.819995259470676
10.4371725650724 6.40789654571789
7.49706490292858 11.9969571620202
9.86026095168702 14.9368069907923
18.7334759852611 8.19386774419469
8.07689072154805 7.80752350879224
5.95526508385542 13.80739524202
10.427758643709 7.78893066299643
6.9290310502937 8.43614578641006
14.3184344923775 14.9415683071441
11.6793768366172 6.94380964865329
14.2058735242463 6.57047003524811
5.69470636180448 7.47235619306194
3.294055445438 7.79829532653521
21.1804990715347 7.9715322936738
6.42503583545178 15.3116095847801
6.88877030233366 9.88336773153773
7.96848140201731 17.2629444685661
5.5150555813156 16.4452104231305
18.9506316419284 6.71532835088684
6.08869186684885 3.49739339242527
2.81955652346036 15.9731797202857
8.08072697965996 6.3219516905031
17.7487622708263 7.49626571417635
18.1740658697072 11.9744757756046
17.8788556910182 5.99188381063925
16.6021338118144 14.1197574590108
2.45854296197545 14.6887516317464
16.906847898063 11.7270566836618
6.91155846985387 7.07675912459346
13.3293845883427 4.72057566276498
11.5767687196689 8.30904034866793
4.30465733401433 6.87678804716476
18.8344003249531 11.0673695109198
12.873003056981 7.45840274153912
16.2000055344167 12.9350247462707
15.5350220142282 5.88151061458889
3.48212573214841 13.6632850092981
7.4423824863543 13.3802412721811
14.0829596971084 7.84963139921609
7.67995482329741 15.8545093227052
13.0427303535027 6.15111041200104
14.9586131829212 16.1810498772484
2.22810121254513 8.33827764295616
0.731493086319657 8.62944625642929
10.2086366153558 16.2992528017963
8.89488087976441 11.2882235462078
10.3884938554147 9.24360455642841
15.3915935126295 8.5289274274731
17.5206957815475 13.1075777866902
14.7762423208617 12.9179539339741
4.56339590041415 8.22478961267585
16.7537370131713 5.16496145117126
11.7400197382482 9.62434024801766
9.26047226725842 8.58849541185452
8.86120700002619 15.9802815651203
8.14941487318599 4.9365619817754
14.31753030213 5.21232955908015
8.10524231932418 9.28958793215159
15.8254853392056 15.2019988589102
15.4251709852789 7.23864281198296
9.15473266782569 17.338423450677
18.6334317659378 9.69396079793353
14.0786134368128 9.15053078235231
19.9883148225313 7.39004804854513
15.1221272021548 13.9600788635039
3.82107828610788 1.60694675583181
15.9962879535361 10.6169588402402
5.07362038187356 2.50450212224015
4.27000095805553 16.1436276962891
17.4884511185945 10.5481753350039
17.543245520929 9.02639915791011
20.7967487364931 9.3033679705158
9.24483025072194 7.11233223783525
9.2721488346388 5.63827672300469
3.86685977484226 14.9166445478784
16.5646043158217 8.08058059790979
12.4218840629662 12.7031401049436
6.21182845619672 12.6235343722179
6.44607456384266 11.2598848177752
16.679140818495 6.63470826959535
11.2142643950274 15.2345459115668
19.617022102715 10.1985017208048
12.8172000631263 8.79549444335843
5.64484030518287 6.24909028027885
8.35703444088309 12.6763812877529
9.23833087714448 10.0935557836718
2.66653132964458 0.477627677183395
15.5154706295334 4.45968567823433
15.4775176418712 11.6997986924673
7.10939958856014 4.22881926346819
6.86215069982672 5.68864715456276
19.7785766679644 8.67903983266841
7.22557681009793 14.5380506305676
8.5312868646803 14.5811046838413
16.4158115453611 9.5785367726326
6.71377087846222 16.8030528663372
13.5671791911852 13.7923742408964
5.24907826295642 15.0115445904322
14.3365547224489 3.74774535176195
7.85426377293024 10.6408048519824
