200   0.566977340519413
8.06828745966573 5.54381674481272
7.16412168273428 3.84828715003239
8.72744667956184 9.30219646957777
15.9752287322387 5.67896670158289
7.99941601441714 8.68335434914375
13.9703968096598 5.75347170277634
20.4425072692446 8.19754620565203
16.6510924516385 10.4500050025321
7.79429597174003 12.0920924987483
5.64205812977209 13.6787869179015
7.33967356508063 7.04351769552893
6.81030505690579 12.3955343877642
19.9777861395582 7.29552152217603
10.3296561843582 9.5380963753087
10.6418985037136 8.74377011548276
14.3559947668662 8.23035168044136
7.31188326797336 16.365356792472
6.47650724915653 7.59198695556451
7.08870759945098 11.4684196790521
11.1730737780691 9.44969216940075
6.44180268276067 16.0371444878829
9.73396957986705 15.6366308370935
17.2845965873356 9.63128785106623
5.70500918173508 6.94487858567794
14.8570024646866 8.90392815572932
2.46448512229836 0.325139585591387
13.8709477090497 9.11709393357237
14.5737703738723 15.6329835968052
7.49600056693324 10.528082709802
8.50941684969237 10.2614030342899
14.4560031806554 6.6130097826429
15.852666283008 12.4613944677044
15.3846991557141 8.02609022444706
6.77745390016706 9.8966182774697
15.369421188921 13.3350404596469
12.9917427026591 13.3347789100725
7.32787366481638 4.90867694714507
15.9447894246936 7.19843337928247
9.42458045650854 10.5447524563904
10.3834016529227 16.2898269885419
15.1630517204614 14.8774764218589
9.4712386668445 14.702936756883
2.45176163223067 15.6574000602361
17.4626843169287 7.93253870346805
15.7147967387596 4.21291963814005
11.9232518625749 7.42785839069628
2.85949430746634 15.0503066907667
6.249957252981 15.029370581284
6.57735325130971 6.59999152476231
4.41597959611998 14.5868606177574
11.5538302305662 8.44691580767736
6.15662478604205 14.2197769758184
2.64801403753183 14.1329001500992
8.04597731200113 6.59388645784516
19.4613324072781 8.07936884223152
7.61766567744067 17.3085612837079
5.34840341625086 14.6558734443315
14.1059324054279 14.8521757521574
11.0323969831116 7.74139435447992
8.89701113289798 11.2594705040164
14.8847624085518 7.36217945728595
14.2400312617928 3.51365663327076
20.9351382947116 7.4121621043636
3.88242225410994 7.92195237863033
12.5388896239485 6.61998323723478
12.9065623494589 7.48627953855218
4.97907362296781 16.4876423362625
16.3175490155129 13.3435196560817
20.8693826886599 9.00060389522731
14.4194550604823 4.92498556598384
17.6549059439638 10.4418609012
19.6550501971303 10.6276594339548
8.63713481221184 12.1035913665818
5.71967133340917 6.05444976244901
8.23846689781932 13.0433513186508
10.822689948744 15.5273472798531
1.54041235924752 8.54414948906643
10.4147881507268 14.8874955020718
15.3223796555884 11.5795986912758
6.63745408356977 13.4466321815118
7.42002117459483 12.9978567436436
9.46042268412246 9.85019867599882
4.82408889056675 7.41667078718798
3.59433076238272 14.3262593124665
8.54442464512681 14.3906103235106
5.78689846959451 2.77110278105413
16.7695046937381 14.1986353363889
12.3812628148356 12.4196331917425
9.15652693102342 17.3132061004729
8.76484585610171 15.3650831330223
11.2635569872255 6.74320437462031
4.1366212617485 16.2311348684678
10.1799746545355 8.10418607999917
17.9175334074143 11.189671018572
4.79442485225456 6.49503784666562
3.254109823525 1.11476428681467
4.70643235468097 15.4711799361947
17.8921682699178 12.722794957587
13.7794035597489 4.18889862481344
15.4911790557814 6.54124278704894
15.6139059543908 15.6966872658316
3.20927134861389 16.0707176552289
14.8011928158168 4.07127333834566
5.72543841274301 7.87488546062647
21.4778361886759 8.22090862837032
5.97858895691487 12.7665013689029
6.6535298985206 17.0612675218819
18.4154837150427 12.0106019113377
16.8519895629032 11.0809620896397
3.35251208082287 13.4440704195692
18.4841901747215 6.34692498144436
17.9818935599348 7.15259103458997
16.4583493990008 4.93170992324955
16.3382936622908 11.74709825166
2.97170458552198 7.50377859815742
7.97421844531528 4.49993143379689
7.10253840209121 15.3417049579178
7.88299436582051 14.8162220651956
10.3921315931631 6.19426022951775
2.27625952630843 8.16843563817633
7.0591157695365 9.00385899167608
5.54726386660324 15.6584681533212
6.5095595463868 10.8149883590195
14.906550322158 12.4499274085222
8.10474086424563 7.669258116772
15.7600742029765 14.1311114520859
7.99004047805542 15.8089250724253
10.3491677038542 7.11375296702921
8.9652691899958 16.2775122029547
6.57222774051391 5.62729101411767
19.2882444545072 9.78063537480922
16.5309548508143 6.34210149006864
14.4672005374629 13.3829316208827
9.59257627458552 8.85080538735384
15.6985458897651 10.1438064164583
12.0329351406273 9.28546335759908
18.9794710539378 11.3281130929999
17.9234101609913 5.56990040771453
11.4355115852086 15.0530665103579
17.861905292294 8.8370765690936
6.59162205964846 4.27905105426155
8.07704825277109 11.1701942488865
12.982720682239 5.81188540491464
4.72775937920865 8.24327728547623
16.9309491359829 7.15812209476599
7.7821332340162 9.64294234265614
6.30302106603631 3.57754610895063
8.29319007078682 16.7519268733536
3.16177473525473 8.49947780954011
17.3460504922898 13.4633946435386
20.2775335615499 9.81296410976937
9.62255748100454 16.7194944938632
17.0029145052828 5.45644778844048
18.8929316780065 8.88166850351949
13.3602809078762 8.34301287407027
16.8649548667094 12.6069771382353
17.4442111009834 6.37559158936094
13.8723003118861 7.47361598085851
15.7550561895249 11.0060173726804
13.3810496621065 5.00596145712471
18.4413181824378 8.06021650577921
3.91895990518087 7.05203633633844
15.0334980703118 16.4340218330992
13.6645597291829 14.0753078630782
16.4184899479562 7.9588360998757
12.3700737889948 8.30370814745349
19.4605105222238 6.47165951245098
8.86013395093905 8.27840379384662
15.8594467712806 8.78659988518351
13.4928602750751 6.62616972915382
7.28554371096353 5.96635642497863
8.81290405388942 7.19772665393554
19.8645825182303 8.97885488822312
4.12696774111828 1.72576482914155
7.24687938479991 8.05215339129748
7.66176607933957 13.7995895436893
16.3339614336762 9.5552715102399
15.388260696495 4.92232729453986
4.82120148750983 2.41999857553311
8.83276923458677 6.14859861299083
14.9578304869624 5.78206722551731
7.00655540697201 14.3413777824431
18.3054388041332 9.65769986732272
9.5716552382548 7.76073435292932
16.8902530903815 8.72724203124067
18.9485934691795 7.25541123715685
8.79871434568331 5.07783406420999
3.73239709350576 15.3094647129049
0.504962709990065 8.74217270518375
5.81285719689024 16.680105742607
12.9015246564564 9.16372675996027
5.36862965603733 3.36862965603733
17.3684146539205 11.887475921179
8.57756413803792 17.717165848766
6.1063878977785 11.760280849268
9.60392584013308 6.70696266477657
16.2040791110944 14.9540296040189
9.56352575763148 5.68199900738864
14.7210068565165 14.099081901106
18.6376681444304 10.5316738344461
