50   1.2069278720932
17.4335747667952 5.90844157154286
6.36981685851152 11.8462884311243
12.3255435511594 7.28452037483314
9.10213376550923 15.1179511905836
20.8411279836546 8.33718025135469
19.6048048254753 9.7142121925366
6.07970013759259 16.2298349328027
19.4964927453044 6.75112523115912
6.52769184123756 3.67364812111526
15.314423871793 8.69558833607651
6.22464680092494 6.39561172721634
18.5352636451961 11.0601732203869
8.28229371793222 7.1983144091068
15.7886844840536 5.26134729121751
10.899594691439 15.4957649485174
14.4870841106772 4.10427528913529
12.6157059919625 13.0261766532708
16.5333493968251 7.22393951124695
6.95071744627785 8.45096558670517
9.31796460888061 10.6753666954986
1.14452614382138 8.61694037835169
14.4090374578444 14.2652632183939
16.4041569392344 14.1261854911939
10.4559802516814 7.34971597594879
3.18022194491097 15.7475105335724
18.5874438001302 7.92886780040047
13.1704462611902 8.77799130479724
13.5450360376548 5.56127422898857
9.06593560423063 8.96909966960208
4.66963266194935 2.37300695620806
7.40729458171652 10.3242762267812
14.5375848128919 7.01947019159169
7.78330955230386 5.18912654125911
9.34401352819293 17.1736339533696
7.68480285380904 16.7749082205758
17.3478219623461 9.28097755734731
6.1668092089859 13.8794062444316
9.79675282483837 5.71642561024913
4.92945436970603 7.31442715602354
4.85250190154358 15.6848968702958
15.3270543333944 12.3150654083497
11.1501551443396 9.25639113069484
7.98675950622818 12.3859083963472
2.98875287154806 0.692127010086551
3.26161565325589 7.87263342491074
15.1925659601433 15.8085331563868
16.298980055325 10.7464777777017
17.5113891529133 12.5227357899266
3.37715080411185 14.1464868199964
7.4734336289023 14.523863368597
