100   10.0513823649468
-79.2605009623037 39.3409130690646
-5.38160871127743 -30.5133677289501
22.329238223188 -16.6226620963293
42.4419672762328 57.55547113341
89.4129958069763 23.9372096473605
37.2907483236004 27.1353727100826
-19.2793623214254 -75.4939877196298
-11.6986274676596 -14.4991396247823
11.4719230184107 89.5821179149196
71.0785813671936 24.8176784715249
27.3178826135598 12.7253646073069
-47.786253731465 37.3446523280265
-40.8339808493993 20.694280330442
67.7853809645792 -3.5687795412338
-45.1630088425759 -9.49386463914586
-30.6272321614102 33.7259192584637
54.9758490711621 26.3223735099281
24.7961137565422 58.5407923997868
-19.8125694349515 47.6751408772179
-10.2034318552788 -60.6473650436895
-30.9894441532777 74.8205938459367
-81.9613457173004 10.4338008500315
-43.1306415231248 -58.0865611683411
-4.54034372714182 92.2667046665626
57.5109215776418 -65.1211665731891
36.3287116404977 72.2301278919031
80.1887841457737 10.2974449117543
-57.0932413332113 24.6367589070576
15.5702100205482 -75.8894042019446
34.9680869140248 -46.3391164395151
-16.5766581109194 -44.4353309619419
39.3737532249625 -17.8247474521916
29.1313104311468 -31.9422492775396
-34.6151544531566 4.62216582687199
8.5892023053789 60.4184434249337
-42.8430020009965 61.0963746923419
-2.61814125397338 47.0613695226931
64.9127195715957 -33.3035377624104
58.3989801768187 56.400475481434
24.7072287015412 -61.1762792883652
48.6013150521112 41.2282258165215
-14.6398042294862 79.6066146576305
31.7627373091166 43.3406948330474
10.160103806588 14.7156699219597
-66.8428001924594 -36.8939551387686
-35.2785962009321 -74.2397300968581
50.8681695637256 -76.0057722469099
6.98145507207703 -61.0427741858915
-26.6247638326193 -58.8550203974515
11.8756744288248 -31.4217500636792
82.0685600620731 38.390323102884
52.8468859249063 -47.2267795489881
-33.5906254629913 -42.7529272171857
-38.9934499096953 -26.1105229065704
17.3623773017245 -46.4273958006935
15.7395572799723 -1.14641758309219
-60.9510116314198 -8.28309613454578
20.6834703740249 28.7885496261525
-23.7977518025394 63.0523912637557
-70.0021203719807 24.5753769441674
70.9473035424588 -22.2787969332222
-77.6740110531131 -5.46474732974906
-23.5674919432286 18.2637062042869
42.1980943174054 -61.2926473482901
32.9933883378438 -2.04710405982552
-9.25855428285191 62.4574776898339
-58.8397997944182 -64.7060003701524
-50.7918189665361 -74.7990107391543
-13.0061131631624 32.2507393942516
3.30688329996168 30.4813567632211
81.2188930184141 -7.13512561799822
50.1362248645611 -3.58690129658406
-17.7544525111683 1.70245991191476
47.1281006801161 -32.6199854964566
57.2742723671783 -18.298050030114
-36.9776090716536 49.7915667485265
19.6358912057671 75.1051104281383
-51.1846384645021 7.23957587793505
33.1862297327025 -76.2372448766605
-72.1689657280238 -21.3601057413625
-0.00873821184094492 -45.693343670924
-63.9692864031029 42.3551525681131
-28.4838286093427 -11.9891395732595
-1.97445383571903 -76.1035033389142
-55.0428999155756 -24.7868424957818
65.8601551973644 41.3039918131099
-87.290645208128 25.6620830135466
14.3481836009337 43.8667239856679
-6.82772314662062 15.6330417117902
-1.02946316622884 0.0684498965322238
-22.5577370797719 -28.4835882927462
62.1458198897827 10.372568171548
5.18710214465095 -15.9283305054995
-60.4621894073543 -49.6936752649121
44.9777627506006 11.9645125043681
-49.5180749844 -41.2939401090364
-55.6717814459797 51.9216752041675
2.03997300303646 75.0374183765018
67.2507412886317 -49.4483805577371
-65.6570925190091 8.11369274297341
