30   18.8937256446855
45.9100555161631 16.2409252879897
62.4679346952305 -37.1446958386574
-50.7652599877038 -63.7914554656988
-46.7174142325679 15.1798533462983
24.072302685684 75.2938990980096
1.55392606144509 50.23853103076
-3.5736325264583 81.4473177332385
-18.868425495587 -6.76330800178729
16.5598125476569 -5.38074578923468
24.1809070024465 -73.6804834045284
-0.0462451349209179 -63.2617178799206
-24.7830495797098 -75.0630456298087
-28.2732601520561 -41.5565940272733
-28.5444144710029 37.8738130781201
-63.3281812251108 -36.1886590653535
-77.1365416597209 25.0635528494838
-76.1416610400371 -4.7318527664294
-0.122546434339796 -31.4797064459541
-29.961409886781 66.5010205142992
18.404845280759 25.5392600557498
50.2093625508714 -64.0629845371885
37.1480688718281 51.2061450047231
42.5467565182042 -13.8248990427914
-45.3547141886489 -13.8612783790526
62.8719319996328 45.3945146108646
27.5948162940665 -40.1249604626277
-11.2891453366533 16.5625102433352
78.2758062874258 22.315130020708
72.3706963037994 -6.6682420768919
-58.8176807278516 48.5838469594269
