40   16.2385808402535
69.3035566421449 -27.7337398092365
-73.0698254332647 2.89358727382221
54.7977568546001 -8.55482256228556
24.3602902489683 -50.2452840892898
38.3606289559669 -29.2240691252589
-26.1565519725683 6.99580520198146
55.5631456805025 -49.5181894364608
-27.294080663374 -49.3207740400884
-1.19609069457261 84.7396630672121
-19.3497696098159 -19.9373456593474
13.6914831913365 47.5687853250248
53.2115727800727 17.4241627693934
-24.5485250615457 -74.2973456960173
-0.496497124700155 -0.159008275792851
29.8170447477043 -1.91428422580469
-46.6189163101542 -4.42358201338933
39.7083975344786 64.5107193143542
14.8587019854566 73.3866274968545
11.2621087975332 -22.7143831188907
49.0928271545614 -67.8685677286128
-51.6901785361296 22.7560656616505
-0.859684370212559 -67.2892382560749
78.6711783539487 0.650614459787284
-70.5842725048722 -23.0157587255365
63.6810476990491 45.962302090963
-27.2237345364326 34.0382788046206
-49.080971123476 -67.876763660678
-27.4015988808549 74.8733907713185
-3.0221000782466 -42.7148999917715
-42.2356863649842 52.8369588062342
-2.81464598692239 26.4875882025278
-43.449178088849 -28.9397108592024
79.621452307514 26.0097592274702
-58.6669434989928 -47.9166247208761
38.6716589409168 39.684243474329
23.010020818452 18.8368627856745
23.7002776100708 -76.7770593729878
-82.2062314462781 24.3248603889942
-11.0383524814262 56.046156120497
-66.0113440825891 44.2963269836375
