50   14.4431988708733
13.5763378673259 23.211744689416
-76.0510126254518 10.4962971337661
-25.6384899224638 -58.2176396415894
40.2018989007245 58.7277198405566
1.56408923605875 61.5763049830476
37.8313058016368 31.9267366384939
-48.6199913703877 48.1634398295695
-27.9879040248925 -78.3816574784125
-50.4940404396623 -69.0706681973157
-78.7677609608188 -14.2124787780288
-61.4103831490017 -28.6323152891943
-81.3713781075851 26.4322794197609
51.3775526591102 -6.14776640816284
55.4838670056728 -68.0066800355809
70.079756746467 -21.5431039066087
-55.7961405522646 -2.83219278903952
8.03551934789167 -0.496185867748761
-66.0758769348269 -50.054379131485
-67.046129296449 42.6658983446161
73.8148480233469 36.2333254166879
-10.9914286541513 15.6069014930988
-53.7694684632878 22.5209412826709
-14.6283132643863 78.0924361565723
34.8999750391813 -77.6750556186226
55.1165892624192 45.9335574019447
57.0716539465329 18.1499350749587
-33.8519616478382 6.19353086986623
-19.0292208492447 -33.927542812264
2.7716235460289 87.50133060668
14.9086122868757 -67.7244425923123
75.3700572869435 1.05229740206864
-22.6570180113731 53.3047135966012
32.7073075767516 7.80801966322486
-31.0780465117187 31.0297879725699
-4.94596243715013 37.0755859001976
62.0701224131747 -44.3953398550008
83.56329242382 22.2195418661891
22.9456919930327 74.2351341295025
-1.27671633538037 -50.4525504934538
-38.6873479964955 -19.6597535468104
37.0650786746693 -52.5250355869434
-41.9808434611286 -44.7743622920562
-15.9790217870358 -8.6386847776349
26.5962467083175 -16.0879099596307
-2.38541830840404 -72.008859168307
3.44598953114381 -24.5949578891526
19.4439038829472 47.539288771141
44.2917612393292 -28.7416183099619
-38.9957974632988 68.4220789371839
20.9350282839858 -41.4549748324824
