60   13.1392017189877
-53.1806125740186 -69.6782873664485
59.5579706029323 -37.7471783628918
-0.964272282657281 43.3185410563664
-73.7880718992971 39.039311063443
20.6962093767621 35.2434394129594
49.8922670945944 53.5522745659943
-54.8890931986099 48.3230434697464
49.4429841079732 -71.6558200174648
33.7623679718744 69.5792310734468
-23.0439382345637 51.8950782912535
-33.5124943140836 -78.0967352263504
-67.4241219568701 -31.870608428216
85.7601629500677 11.4809024556335
-36.7824880106199 15.845827787117
-7.54775778317197 -11.0632301048569
-13.6691330414906 -69.7868528976964
63.8446855098494 -56.6001990773686
37.3975945466662 -29.9486820156365
49.1112846690476 5.66715860764552
44.4227196167796 29.2617840337573
-14.1674125098753 9.06573750299965
83.401803368855 32.2910879619437
28.545555925013 14.7786425813253
-39.9277370834323 36.9937354292344
-21.2599744681764 -46.3658250468896
-50.3379789539758 -17.0893853832164
-0.373577073161998 -53.3737815980669
14.3726415602526 58.067822306772
-31.236181162121 -5.35800124913408
29.4442423230212 -73.2248012564734
-3.12255829797108 89.2289512807213
33.7859205068417 48.1275656024303
6.05948116211221 -77.6152859147932
-58.9441217572557 23.6283875059056
-43.7867844136343 -37.1753590049936
-22.4730900942811 76.6564995132705
4.7255456007974 21.8739182245475
-73.3111271908533 -10.9287672335776
-83.8305268999509 24.1555759002659
18.0194515541559 -39.9267417466766
-26.5068253360155 -24.7031428424161
-59.1491326943175 -51.1355695867788
-40.0707751832918 62.0036552448574
18.0556088363157 -58.5418378969042
9.62449966709081 2.44394203658604
52.6772416195407 -15.3481997062467
71.6053073902581 -3.88535134372789
40.1942818751362 -50.9160810486873
-34.6702774673552 -56.6875186444369
-54.1538224811691 2.95844284804547
-76.6330132340485 7.59645066369989
-5.26941571013975 65.1898705941918
-4.13524827555844 -31.8824041650077
13.5186583825582 80.6777668238362
63.8180997349707 18.3816593433889
-18.0249085490359 29.775252425007
64.3787385356427 41.1489891851158
74.9380548704976 -25.1312904048581
14.9890369081619 -19.1906995820223
30.2837285209664 -7.78116257438258
