70   12.1116870940231
12.6689655851494 -20.7889235558489
19.0509469388473 -57.374883999586
-27.6058685520012 -21.7542261202844
5.54571363181065 55.5700470724715
66.5138526825624 -35.9872701404734
66.4668337000931 18.4864045732301
60.1920189260056 -55.3811769887771
34.8578774591995 72.2311163311746
20.2710402998028 -1.91763392794008
-5.15059133505362 70.1861835253465
0.483958841278979 -2.77211688999681
-60.1779478223128 -41.4100830478554
-65.5946215916823 26.3625839508093
-79.2351642488937 -11.1038051229445
-33.9847975414038 12.6787570945092
-37.8587632065775 -39.5147079275106
-16.2438608421562 86.4523168459843
-47.1034776536082 64.8896157488202
39.0981639781945 -56.249225295882
-40.8308849187506 -6.11209279064742
25.2676052004952 -39.0081239312117
32.6909314691729 -75.2478441439958
-3.1418437147248 35.5575333391625
-49.864438177728 -23.7651518479322
55.1012461384989 35.6852746888189
-15.1336769775953 51.4360645452356
-22.3638807732768 -56.0308858991385
-77.2220419823266 42.4292736486663
-66.8741378663034 -28.8008733903417
-19.4375498094156 -2.70384894178689
-42.7978069738025 -55.6725300534839
6.77064956228874 16.2737837088731
4.95223772641422 -39.5424490265278
-62.3859292661306 -6.37957155499806
-1.99109187093621 -56.7070376587067
4.03333879120092 90.5077352694188
-49.5306016292732 -74.2216351794333
-7.82409264163453 -21.6232575515235
-26.3681405035826 68.4206984268061
-24.0088963451388 31.6464961464365
-56.8113775787886 46.2625361817507
-9.15798461769009 -74.5799910494519
43.2488835404303 54.9427712689427
-77.3308023346177 9.01613204023677
-16.26750612219 -39.1746154775294
15.4812301844758 35.8943115729754
-54.9165218641751 10.4967140516195
-87.4903455108533 24.1933193038366
-35.580640198179 48.6223449962156
79.8902494842504 3.0337676991043
62.0181287751845 52.050402196716
32.3371576979656 -20.9683642640681
72.8467843870023 -16.5689208301923
-12.4511363106402 15.8869870112987
11.576427195454 -74.699975163144
-45.0809495510405 29.6644583100349
46.3511854730139 -38.1601905100215
34.8850008398404 37.1630307748752
22.484205353421 55.640803587788
45.3293730827058 17.7266748977465
52.9612578971177 -73.4643976925757
39.5242503098167 -1.54285897488607
-63.0389703204422 -60.4612402469469
77.1316999404182 35.5696762605359
52.6015954048237 -18.9544933115355
15.1208768516708 76.3212207917145
26.4486550216178 17.2676545908432
86.9160966551003 23.2784744023449
-29.4583011301249 -74.0238281719902
59.6619326614949 0.627712081809344
