80   11.2934725077154
-43.9984253704977 59.5382399753921
-52.2937309695408 -71.6556211964275
-69.6850632660725 15.7637766906811
-54.5994111960883 23.2073752128632
69.5699377969337 15.7730383159616
27.5871001564841 27.6927351786893
43.49815534278 38.0646931908231
-14.5243457576329 81.7002042589482
18.1775015846018 -32.3754060393775
-34.6726961370441 -79.023757772433
-0.558990025803097 69.5616954339562
-18.721329901016 39.5991735514664
-32.9363329088486 49.766168489863
-62.5791863018923 -38.0781462453043
45.1302867652775 58.9628699562238
51.6458372738853 -72.1457141023606
48.2063999760127 -51.7927841988876
-65.0742864774362 -56.8904565015803
15.6786454858878 80.8972071658869
-7.66317724738814 8.32264998751543
-30.997424627515 -40.6244923923887
14.0953754747622 60.0144576989585
56.9789542903626 5.66879120878282
30.3879895545845 69.6500413124875
-59.5674062164857 -17.1715142564694
-15.9588745509194 60.2465339176309
-76.0094353931968 -24.3981312658086
-22.3260089179161 19.5610247777026
-40.5460086584179 9.93058031304516
1.24057113746731 -41.7098031865435
34.8916233602068 -40.9306499339764
71.520662449619 -21.1676910679396
-61.9032085574667 50.6775364587611
0.0758408119190781 -60.6940574869979
-13.1681646054209 -32.2281409739636
-85.1906338334774 30.3404606785497
10.179961938723 18.6899102436293
39.3920391931374 -3.09858018107166
72.5525410107394 37.1824398663247
85.4949303809272 8.37417823246037
-46.1677050437193 -30.9747191059352
12.9252530963259 38.9549005324071
18.0224143102521 -52.018050452024
-71.1218500223687 36.0254895225939
28.8273981898724 48.7745471235284
-50.742059527093 39.0921962651779
33.3834918850043 -78.985128975752
-28.350015421651 -20.841591701432
6.28415484393596 -1.42403107783169
85.4140487009198 28.0598521147393
-29.4964542927127 70.5743732174528
73.187500529988 -5.58051679492767
41.6500030708234 16.809854279811
54.9177376708516 -13.3105372401038
-0.673818711715287 -79.5516802302465
36.0440527835711 -21.936763168616
52.8247228903661 -31.5486281296908
21.4847972273703 -12.4592958571159
65.2455002089072 -38.2489909343543
-1.75178815951975 48.4948837683343
-47.7168513130316 -51.4503493473264
56.5237538731392 26.9161558164938
-36.6059222964666 29.7102754242178
-74.7266828783436 -4.33369014302725
3.55067881395495 -21.1448494368951
0.501752113106582 90.2638797531538
-16.6340614919915 -52.1789944382643
24.1846408684897 7.28644924256212
-11.5936141298814 -11.76666997734
-86.8334047799532 11.2814226599553
-17.7113829029483 -71.2264192376681
16.396253639648 -71.2460656310801
-34.4810724379689 -60.6690044208614
59.7618786234376 48.2169650225463
62.5577192347253 -57.9609908890144
34.2752994482654 -60.8167088319805
-56.7921361847555 2.30391396447834
-42.057668575042 -10.7607304975644
-25.5785040913729 -0.0116191025840751
-4.4268965154502 28.2521341419356
