90   10.6152628927589
-13.1313435763057 62.7076201295162
9.15922320831013 -71.3355587517841
21.3797463919624 8.13935380889889
17.2977379835962 -38.6719012029761
40.4142860812712 49.9370259070684
-25.6087509191766 52.0666508871398
-17.2243902349434 79.9543297818128
28.8766374258165 36.5729617182226
-31.3951672158111 -42.8090816806504
65.0173331933113 -55.7316468206154
-55.4306628455125 -72.0532676400215
-41.0475253272161 -74.5683098785447
-5.42423585205688 -77.2903249879457
14.863806479465 24.7915114384849
70.6184501361438 13.2552801966503
51.9863736427193 16.0642177257638
-39.6491226268867 40.7739098898151
39.3705943336536 -78.2702522298329
-43.5621858549979 -57.4120369795848
20.9280949073191 72.8435531276337
-43.051376572674 58.8586158736769
-58.6041924124362 -6.35633690307057
-3.18433506920931 90.7375208458132
63.9424360016214 -37.6436547751547
-33.6872948484406 23.4060279074868
-5.00821629977476 -17.471821490643
13.2609514238304 87.3074847812461
-36.7443337320093 -26.0898772599656
-23.9674575070976 -74.6255115582336
7.42450310706297 -4.14802222341265
74.3605899688912 -5.39943712079173
76.2317798750598 -23.7830805625099
-18.7731836705527 -28.9159430031681
47.6997333643783 33.1684136339739
-67.051556378467 -37.6160111147754
85.9598362399281 8.50477082832649
25.3608528715664 -8.88840123336504
-31.4684421312363 69.7992152009836
-7.15983530799067 47.329519777789
-76.7585052282847 -4.09980372917641
1.09573652874611 73.4245579171411
-23.6747945852464 -11.9863098625702
-0.592601860584394 -34.9425920858591
47.9906116834338 -32.845716358837
-74.6781355488623 43.1055655678503
76.5686959635509 42.3434750668644
21.4236351500149 -73.5558271460115
-7.80937910144822 -62.3804380939041
-56.9070628609457 51.1774963598846
2.43778130159164 12.0936157676052
-26.7659503561563 -60.3224049960069
85.2669741889715 26.9161970130509
51.6085940378997 60.5314938488495
54.2165265064544 -71.3167127455838
33.9429683581284 -44.5365994460026
66.0942280068427 27.4978894648047
59.5227085617785 45.1473414668999
-72.093215575494 -20.5053848956649
-68.7386755924421 25.4807596623957
33.4410738364913 67.9961887074804
57.8264343761423 -0.430396003425016
-83.1000120013498 12.042354051912
-40.8582502118963 -9.00533285277501
12.8393434087686 -21.8854752699906
-21.0975106321345 35.1517140263499
38.4312991713713 -62.7100479450112
-57.1830148279794 37.1085689870356
-86.2264150602169 28.2725539240073
-28.9972702686057 5.84596828546495
-13.7463048436555 -46.5396512921119
-45.9657888335222 8.13503409068602
-10.9090689450054 -0.275399968973125
10.8519512523671 42.249303191555
43.9618104658091 -13.9095616250891
21.0413886293129 -57.4555016498383
-54.3091265880864 -23.2164810451896
39.6958176166555 2.78150634054868
-50.1584365514869 23.9362677125907
50.5025984917749 -51.5446312674831
22.6330521958178 54.5591492019808
-64.3190355106767 10.010894667315
31.2522865174183 -26.0785272285702
6.44976063218359 59.7214850017081
-3.06179560612586 29.9600204240257
60.1139693940954 -18.5798157936222
33.9147472730306 20.3361882602752
-61.6441622235891 -55.1034374930189
-15.5107314620639 17.3735040692462
4.63042847172883 -52.3833641195533
-49.4730042910322 -40.5432317305546
