100   1.02860834669277
12.1861549193743 7.36624200455131
14.3356840896295 12.3385628692369
10.4885549814756 17.4687197721285
12.733619259158 9.06943841857101
10.8063060623967 4.1168978625349
15.7576307398455 24.5776055799951
19.440624391394 23.5325291275904
7.43866202224383 20.4454902570918
12.9997459198571 30.1026014726433
14.0506895214655 17.6906736566794
11.1952956567574 18.51098715041
12.4809772476999 22.1904178650588
11.3241455338443 25.5359866165715
14.1211855974228 28.7517740492905
13.6381720672743 7.30398131442292
13.6140396012996 4.02713956780084
17.9421392649818 10.6859393371372
14.0527823247137 16.026012758235
10.0362081179891 31.7706771022725
7.88464218994198 15.1369926445974
17.3895870456732 8.94145154715384
11.1768653452327 16.0656967688525
15.7902618859752 18.052333019074
16.3457307497394 19.570208979033
16.5010265170151 4.74499613656235
14.1914897106875 22.1267917803999
11.9020311605723 28.8549242327278
10.0662506488492 26.7760209603042
12.7309439885851 18.9095660824902
11.17713356404 12.8156350251326
9.50987909266152 30.5911551291348
8.68195426593956 16.596051711538
9.89099406759487 6.32082143679145
12.9367977359176 13.5279254895477
13.6480135145405 20.6152026757175
17.2915274579891 7.18299425356053
15.6569026186043 27.7731324242349
9.67674421303107 15.2936771763294
5.75723603132471 16.1418988985451
12.0703344627894 4.21520091556754
9.46165862533884 23.2128686003308
8.08491894342052 22.0272520553974
15.5232604008258 20.9141341764372
17.1788535949886 13.5351498176366
11.07140820067 20.07154117604
13.9120089817953 25.3941484537148
9.80010597559512 24.8959040487588
11.2313446120437 5.99211357369961
9.60945959262492 14.0539147877683
15.8265674875997 13.4404363824471
15.8730906264536 22.6587303722352
16.1928029727947 10.0416744405437
9.65605891292482 4.92124965416926
12.6051205241164 11.8565074023278
15.3603911921785 3.52891184882679
11.0004444922095 30.1391588276506
14.1480785668843 8.96230617476521
13.5733367330089 31.3927155066127
9.58176960909623 12.8034883989603
11.3786887121749 27.5112428569596
7.11931987750242 18.6191342899363
7.32320732555842 16.9423326274768
13.9906926193922 10.6611714817386
4.67192039498769 18.264825612878
12.810339721979 15.2676782338877
16.1164033044336 29.0077180073277
8.41919161989522 32.3258339151749
14.446217503691 23.8220663543719
10.9073602964263 22.0417517671406
9.9665235805628 28.6977872050287
5.6130877205159 17.7853121348803
6.56046546757479 15.1271939323582
17.2089193247087 23.6780220311804
12.4474575325912 17.0988556465091
11.8668954354827 31.3818602416348
18.2260477817412 23.6909844160604
14.4951066328259 19.356735480411
14.9470983382448 26.1963718779088
15.6815681788885 16.9394526586282
12.9144238579384 23.649562798398
12.1002878316544 20.5343197352284
14.9433726930383 30.1107736857987
18.1587994784541 12.3708708211317
15.6834001117993 6.50528044806274
13.7718532008667 27.3298782570543
16.4914061135189 11.7083690956277
12.8949723601017 5.5792712666853
6.26982413493692 21.6791052141204
8.2347612296651 23.9896240799994
15.7941843377177 8.25484529529727
12.3687811511277 10.5385919948245
6.02180150875317 19.7209447229792
17.417044918942 5.60568752417374
14.4173343120327 14.1960535782746
14.7787244019557 5.25900086308922
4.93320544531898 21.1864026302847
6.87161455829974 23.3015174964572
4.32228465367074 19.7871768557315
11.1856696887138 23.6981386181925
11.301638942215 14.3248243565581
