200   0.712933904903316
19.5451406151539 24.1388422192157
15.7476287781998 18.6766511750024
12.3858956463028 23.9695176743157
13.0970096055803 8.17811863072816
15.6852761757704 16.7275330830765
16.4403853449377 11.439431348446
17.8517565780903 9.8663082065337
15.4924108170931 7.13155135827213
4.68503792760425 18.0518463533252
5.41817257164343 21.5155160049483
15.1887622358022 6.07229847154689
15.1075958974543 23.8020338309719
8.0871889125331 32.4329077154214
9.89844990502241 28.4995585495457
19.8083001539344 23.3568913645286
14.1250391775017 8.58661656890665
15.1562195785728 29.9129686346103
16.104744989152 12.7052419863271
11.9071467987991 18.7795923461512
12.1579036958077 8.77825141850972
11.2718922920576 5.31670113946853
7.5122365962787 24.1502623571403
8.76358519900984 24.1276640472241
10.3765044794704 12.3982637305061
17.4573974361652 23.0977997488896
12.2741298983086 6.1326252717859
16.6943407556902 7.68743196361174
13.2089486332194 20.3375626034238
9.96680615696977 24.0118965063878
5.29377740542993 17.4089504773351
14.664518800966 14.1032004153592
13.0612316793648 30.4899431140444
9.43100373192705 5.88124434217568
17.597479643533 6.82797843265367
14.0369932586282 7.31630530739255
5.96010157122495 18.4472707438055
15.0418796984281 28.7065652250485
13.2587737983314 16.0550268584682
6.95335029154467 16.1264186916305
5.70169136458006 16.3149916538939
12.4362732851966 3.54953964718331
11.5636959718115 25.8157283907102
11.3670832859042 3.978375876978
14.281511791313 23.1132039299621
14.5271139313503 16.3113066687227
13.7362097942466 24.0900011989985
14.7129967194689 27.4264679624372
6.22795762529191 22.2468770524823
17.5363742473714 11.2371358698985
6.6290471364212 21.0308194512378
11.2740950839591 6.51978807984012
4.48753789973076 21.2694056426303
9.09378946815501 13.6836608386784
9.44363013559387 15.779096726862
5.5337823367826 20.4042577265457
9.40330851430532 25.067667232318
8.14900016593362 15.927430461066
13.2412208892312 5.46842677135875
13.3710459902428 27.6485239036611
18.4587743269013 10.8554783264809
14.551589829285 26.1037961229939
10.8799046624626 30.4333539841406
14.4735113031854 21.9515267082818
17.5238200098932 5.71728212093931
13.0417702359941 15.0001714574477
14.9503642874015 17.5703628504933
15.5198548173704 21.3063997662568
12.2514691694124 4.83903850536643
12.9723790804239 12.0218097422419
15.4439908915291 19.9732897178319
7.76463346085658 21.2002072428614
8.01705450448154 23.0937969410059
9.35710900537289 4.73050310858625
5.92342240696661 15.2798570528695
18.0344195990444 13.2570875921633
13.6699131544364 26.7368203014342
12.2282048451025 14.1771042267505
10.8751677998698 27.9790754396867
9.21429697260278 22.9897302211115
11.7441853480941 12.3575364144147
8.81450713715434 32.1282155011866
16.3243041026962 4.14348127990921
10.9883018245383 21.8371832970222
13.8671972735176 13.0021211644344
14.2463248104046 15.2401674797026
16.0624772884796 9.32585914657869
13.1454515409828 6.82963482833486
10.6700648795476 25.0300787472243
13.9822640618014 28.455114957934
8.49490899926551 21.9519735459618
9.90962185044681 14.6689959830979
10.8318913081498 29.2523260020902
16.3527042107147 20.596836278852
6.76350482784006 23.393931494112
16.4291936379388 6.49304350824994
4.37676955101924 20.1558044230668
7.52173826902071 14.9443383922259
10.3717394199951 22.8500027027611
11.0217746053652 20.7246765628848
12.1032551287176 19.9908958845319
7.09776885562365 19.1217744089585
16.3071969800055 5.43107570153901
11.6796007104459 17.6257142485608
17.1878247754704 12.4532927305905
12.2894599715687 22.0908859814071
10.7096328101853 18.4665057521646
6.45387898206652 17.2539664087164
11.8839236011507 28.5665173718267
13.312378549579 10.7710975351143
13.7995784732892 17.1888261436387
9.75189365558782 32.035944862338
10.4673947471625 4.99712822139345
18.2762336516762 24.0900996883653
13.4286662128129 21.3249388573348
7.42721540452736 20.1198484972397
11.8152856460897 30.8193031828738
14.1799939757122 9.75608762573017
11.4462098946634 16.4889274029624
9.74863217648542 29.7829057193813
11.0212208774413 31.7907281346477
14.1336132451721 19.6523430462396
7.69028035149851 17.1060136175298
11.1159142675092 23.9243235695395
12.797922420223 17.8628039679449
13.5296837972789 14.117478747952
13.9552848591787 18.3817668590128
15.4870057733336 22.5828920781738
14.5221604803495 20.7177159204938
10.2789564234807 6.28565536446744
11.0885932617433 26.7874457344394
12.6162029843235 16.675723818635
10.9560207419029 19.619771930459
16.165968389799 29.442180133498
12.3862427057119 31.6203607047847
9.13207880288164 30.8433527681201
15.4514603362253 25.1595968601772
10.244502697836 3.84813581470226
15.8121487128012 27.7723309845563
11.4038939635931 13.2063111620291
12.0282981191775 15.4813984978025
15.4771063757824 26.4914179085214
11.6246976179319 22.924303476403
10.4414618874781 16.5051982535059
10.3253918102924 13.6237837510966
6.63113043341195 14.79561871842
14.2009712671202 30.8414988789462
12.6979257602208 13.1649835216252
7.19091883321018 18.0742890328858
15.7912803507608 8.23928840284799
6.36239057600706 19.7259404607615
12.9507147616108 23.1485224439284
10.2026332169592 25.9997515918249
11.2143848659182 14.4884947139265
15.2664846685256 3.54644388788718
18.75080388697 23.098649601787
14.4774652035328 10.8571485988524
4.07078103934163 18.9430531195216
16.2889895387932 23.1023823295409
15.8023488264295 10.5201611406142
15.8169419644216 13.9037175178668
14.4397256341288 3.80728513548168
12.1804639705142 7.43688103120948
13.3497812647251 22.304643290641
14.0889602507313 29.6672433108866
13.0245112199937 19.0979809083945
13.538035230098 25.4418974498568
16.0981551434134 24.2635232602288
10.7336420226945 15.479204320474
16.9516376873502 10.1894075855456
13.5629830072713 31.5738271084137
16.5545000358818 19.3257984488692
12.1569119927676 11.1768133186442
14.8808919602931 18.8842450133148
16.0414551665915 17.5176897032659
13.3432344825845 4.20802606548993
7.23176545613949 22.2398955243382
12.0502028539252 27.3782861205826
9.91134173402819 27.1803981763655
17.0239913345608 8.84557482976378
10.1681668541172 30.9998095909183
16.404828891156 28.6683199422718
14.9583074673056 12.9369583212563
17.1766350056955 24.1545993618185
12.1511741495962 21.1633989869204
13.006994926746 29.2725751579783
11.964706001233 29.7665835129558
14.3092918155846 5.04891062041434
10.628462188571 17.6189317922541
8.91068368337649 16.8364494105103
5.2176893350476 19.2010665733508
13.2148228807645 9.47518611290718
17.3312417523025 4.72014900357316
12.2645421888917 10.0499337018253
8.7288456110734 14.853638764498
14.4922397013999 24.7866147277082
18.334058058994 12.2153817732392
16.8888336507955 13.7126756709024
13.9815697313978 11.9250595626645
15.3314900099202 4.82561695866427
9.35455808070078 12.6682318420913
