50   1.50378545944887
6.81964768037401 15.4399616556575
16.808589843873 6.41617937045294
9.91565851871295 13.2587892237123
15.2015908847839 7.40869608984119
12.7661265053842 13.3170170223373
9.82621146990896 22.5245807459602
11.6489290128335 20.2212908003831
15.1574529309794 17.6264473428384
10.7357782102206 17.8055129696953
12.6982118899249 29.1373796216858
10.1268738390906 29.6555876553324
17.4774552448829 11.1476995519354
12.6725235069256 4.65979899671016
13.5161241086619 27.0717570628486
10.2548605144087 5.65188451935893
11.9804998508098 11.4436872645775
10.5120423145418 4.0097187932115
15.502097858168 28.8671095464124
5.08996340180315 19.2844490085068
11.1982531144741 24.9226391142765
7.51703765195042 20.7109384052831
13.9136726034362 30.9890966831599
16.4954427686946 23.8001767682537
4.90411377637571 21.3543724451169
5.03329050609935 17.1840365521151
13.7058686516576 20.0297171095665
12.192847166385 22.4774912055371
13.8029640260394 24.4054375082531
7.32466771512895 22.847595491153
8.91684308804686 24.9560306240601
14.7638005407857 11.3266854272601
16.1115932421474 19.988168859549
13.8116916651984 15.3299404253184
10.7337200459801 27.2692802498577
8.76257178635836 15.8116285152579
11.2535031549356 15.2683654021661
17.6831211201497 13.1275083239598
8.61194191371831 31.8412314292029
14.7561867434271 4.55315898226723
18.8986537523901 23.5591422436416
14.7157030714981 22.0464420097838
13.2134467917199 9.32620081180978
7.27106367013736 18.2103010378506
15.5726367447703 26.1213777028691
12.8403513330113 17.5569298835904
12.5273070940547 7.12950311098787
15.5330626584583 13.2435041633935
16.923195602727 9.35852882380969
16.8376476018457 4.41982945677591
11.3152013089929 31.6017804238094
