100   0.751711189544162
3.64223154254339 10.4548212811227
13.75172979229 4.70388250324482
12.5566782804736 7.80483373570784
8.08092624673346 6.91012185638521
3.45651271248459 8.67530925815579
6.91638276018784 5.42466730385786
4.47800156191325 9.37020445554515
7.86956851189 4.60392684671317
5.79495047601399 9.38391382218991
15.812693829419 12.6576735496724
9.51897756516929 4.3065941446171
7.09599717868124 9.44169012768339
19.732215147598 13.5128844390064
17.3479675861975 10.6199751134728
17.1481913942778 13.0403616326764
14.0776402726526 13.6516678873096
14.2328442210548 5.85438392078518
19.5368375852212 6.23562773955223
17.722808829833 4.35554778392383
18.5565212736352 8.31626043680506
13.7700603930399 9.90638636545216
10.4702181566211 3.40895434806066
15.5540179927824 3.61642333461604
13.3593041012676 6.74378708976972
11.1852208112867 12.2153734568628
11.3382533897705 5.89602848494209
8.085859749186 5.94686983668417
9.08174687333077 11.0481304665498
18.4800126478412 5.54844914937488
21.6440590186832 14.4045747211786
16.4038202769855 14.4586229123989
6.55502345134145 8.29164934166041
9.82021566360358 7.04073612890346
16.4224323511287 4.45207293400457
10.4331616580461 11.558701145801
2.47016266608262 10.4675860234711
4.3462607812904 5.91010006072651
3.09771084581735 6.57169460805017
13.5583198580401 11.2021755208526
12.1987710739019 12.3999212718752
9.71460650214571 9.32425789256958
4.74997121819339 4.95163855320185
13.3231538827769 12.3769974557243
8.86018000447604 2.39971554701723
18.4245834252436 9.77295240173498
20.3725940364254 4.28244885517977
13.0835151329561 8.98846460635378
12.541341737338 2.67374105213201
19.1461108014318 2.40263931790766
9.82370770575093 10.3570408865424
10.4218065678481 8.10812385316924
10.6717684118737 4.74588254082835
19.7413743527989 3.38325037436107
18.1684802546419 11.1861080019523
7.99179814500577 3.37964857971375
13.4258939923895 14.3700726955221
15.5366623386192 5.52949515445192
18.5058931219225 6.93337804468685
17.7166565781915 14.3669855776183
11.5614425633483 3.67864779808614
2.4085301010362 9.46971574363127
17.677324852127 9.42310748989483
3.2021110115233 7.57078225004013
16.6709067373046 2.18603753858665
18.9261216014883 4.37209246378391
16.927217393851 11.9171005736372
5.66188208523406 6.07595853609003
20.2911726737323 14.5352635356814
8.47936090401189 9.83716388670684
11.4403515844996 2.37202379730941
12.8807489450659 3.76417479169706
9.23725640552235 8.3458020535584
11.9828479827533 9.01519327172783
3.31859592956274 5.31768880546981
12.6025804505878 10.2217871583993
9.97179529177762 5.67885633171065
14.6191093758215 10.7025399029395
14.9621846516805 9.34945687955289
6.08088442623595 7.36225590278356
15.1053446527326 14.4378596888646
19.8395745569866 5.10637090284184
6.75573532405281 6.38318734414554
18.9311790749215 14.6048626103986
18.1659399735406 12.2902659038068
6.35921763206716 10.1527173890208
17.7963906887017 2.32943268406869
14.2526126025314 3.58560270984953
14.6168524182674 12.0545173821164
19.8524489360604 9.88124610896923
18.3175261617991 3.38948992332358
19.1471877835359 10.7889317680616
7.74158093542431 10.6006625417175
15.0170159634826 4.71860910554363
18.3760855782178 13.5731668575813
14.5420054064809 13.1245867103178
16.9222141658912 3.28904898878775
10.8743619240815 6.73289685605301
5.87272807261896 4.83308431032485
4.94635304693765 10.4678249262225
9.37765382230368 2.92965082681792
