200   0.520275412612565
14.7073926029917 10.7763511386231
17.2823152726929 13.2434829738415
5.73783359105448 6.49934914050585
13.2929326121343 6.77561272544797
7.57796798302399 5.80694605816586
7.18087848149174 9.39542428301304
17.1552192661538 10.2647166701155
18.0114730279847 13.8929162467691
18.3829269448772 5.49708085022115
15.2144329667531 9.33280479171622
10.6617495677748 4.92888443111257
16.9069533029381 12.0796824674943
17.3937485227187 12.4889071809412
14.6007992939152 5.17032253964833
15.7876450162675 14.4614447315786
12.6639877668171 3.95673276932154
17.6911882977858 2.72964500447311
20.2816796725896 3.84983311024269
6.64230646750304 7.66911755003887
15.4516920487921 5.56420636870677
13.3695302364121 13.7295183141438
14.8858742703948 14.0069523310054
16.5574922127956 1.94184415941572
12.8115027652655 7.43112832045759
14.5949561305675 5.96875701465727
18.3807952975349 2.23787160407506
18.2907470863319 14.8032187087476
15.0040278068618 14.6693693233373
14.1264424469053 12.4847270411717
3.66976070919817 8.76274317212572
16.7649911634377 2.64034000800789
10.5558076894336 7.30815616655044
14.9387749350816 4.30423738922224
5.6779769673575 10.477661257501
9.09580873576242 3.04851602977883
11.8840006638833 2.95189779303176
14.0347418131534 14.3799257190873
18.6105714329041 3.0635510718261
16.6712774375098 14.3776765453507
18.1945346362851 8.86566080760817
19.8720129128315 13.2953482950921
13.8050747511171 5.41243502235006
8.5431959309348 10.8919106751739
5.41661601957416 9.69269083062293
5.64946921715463 5.57517787811141
14.4157297161017 11.6658788344428
13.4840535799102 12.03973828991
18.5135411855276 8.1696443132511
8.47776639247973 6.85494981619924
7.57163426967309 4.39170134067163
17.7509510044481 9.64960641556797
10.7833422190755 11.4931230724386
9.81198916209453 7.20687822258015
3.38126794796864 5.66576755460513
8.28595857292658 5.96690572884214
11.2759353055483 3.10747727975064
14.8156284991079 13.0051313384197
6.54064459445696 6.77281350518359
19.3328300015801 9.93044544942514
10.1272059802088 8.1347170256245
2.90981495814875 9.23953426126672
10.2105664853308 11.7914006323801
11.5001442837607 2.10790981598947
17.4328381256013 14.461371826042
10.6048649801787 5.9035628292494
13.8169479964983 6.29217535599922
2.21012269475614 10.7402681237145
19.9719137115343 3.01458078916526
19.3545422443327 3.53482737223628
7.68238117447596 3.40156437510343
4.21517286614154 5.21775476180454
11.0628791512572 2.20167829305865
19.6127680887138 4.35752682030627
15.3583014301292 4.81364278946816
10.0726496550924 6.43788947125483
2.96563838352662 8.29123720316813
11.8892441113207 3.62444478417016
6.85283455118656 8.59548654929056
9.97519874733304 9.87244726836347
16.479573052498 12.9250978470366
13.5549525542293 3.67383142090071
18.8301746825398 14.2243470663599
14.7221449353798 9.82352719451169
9.9814592638525 3.1348910457879
10.9668531952346 6.7852413937623
10.8897825872186 12.4613665694967
15.6578434548322 12.9441489270326
3.96092229942456 6.04528951059251
8.25311716680876 3.02706803671397
8.70182187263291 2.21296608439121
2.08526962959049 9.22852098092462
10.0635238882361 10.8214597426312
17.6831546700843 11.5288920345009
7.73080993628304 10.7435435115518
9.49410698654623 11.1123908383936
19.3086446082395 14.8333268669806
11.3266527616637 5.4568667530498
3.06839550914624 6.52456783836874
3.31012043222308 4.90249597770778
19.2010282231154 6.70481475635793
13.887685702006 11.2056329733042
20.042326701698 10.3592022182609
2.29257571484677 10.0176032949513
8.02418975144992 7.28963612567864
18.5743577454925 9.58442918631984
13.118898531758 9.07917353788052
16.1734074935286 3.38835449798093
18.1762934365449 12.1753194157215
9.29126015268714 10.3608713546306
6.36609595336644 9.95568543842838
10.3152606236104 4.05347518072806
12.5002314196148 12.0837843890531
18.5009298439415 6.35448285543025
7.67793802579183 6.71496793134374
6.318295471753 4.96195431837551
19.7190244038409 13.9731600230899
11.0449210342506 4.0263714195434
13.2314170579436 10.7747673794178
18.6855525432505 4.0318238224913
20.1019143414574 9.72886196089472
14.056666111623 9.3793743880111
18.9038203844592 13.4680643412875
6.43405641288959 5.89597973516924
8.27927064431608 4.04586621773571
17.6868103029265 4.05965816194657
12.5401539244713 10.3648101150782
18.5056527573555 7.28831939818349
14.1966520252172 13.4872142224922
16.7243788864113 4.17325084072235
13.2058281968737 14.4417610600552
9.15870678180167 9.50952329788764
19.8911643646369 6.25787871896232
12.4002835596099 2.31754343992327
4.78984329038976 6.01516350345536
9.35590249096491 7.99162503865668
10.0078683614852 9.04727642500697
5.83517803158027 7.39879886739664
17.056438646086 11.1258385011592
4.94160537027609 4.55099800955387
12.327126794882 9.576631671957
14.0632499325725 4.47431010161101
21.0148019870129 14.4298500617546
15.9892430255365 12.3124014665722
15.04508084835 12.1796088084361
9.59634320894554 2.33015808162892
14.3766207997415 3.61112983571587
12.1800359854502 8.92400481074211
17.4781968311413 1.9854420364775
4.15373845877033 9.69836596367794
4.78270789263107 9.28374210876427
18.1426825420688 13.0745800706096
3.6081503663131 7.91021577392079
7.07244172340778 5.19179150379694
20.2216592740938 14.5240364220935
9.7872141307641 4.73200900251489
13.9855888380519 10.3005331065962
16.1490588199686 4.93901418701977
3.50127387963585 6.90517552380334
12.9006080272747 8.32100185827361
11.5371776255657 11.9971394294391
10.6672423753593 3.14923233997821
5.82622664077363 4.6038968578435
4.05809864857967 10.5258950601005
18.4899232420635 11.3537657080842
6.04044363381938 8.32275904801032
17.9017675796032 10.6250371584158
18.4409644740957 10.3700793283487
13.2623098827171 9.83109113068903
13.5314398428112 12.836806316747
6.25163694137122 9.24926021033391
13.43285549303 4.48700701446668
19.9249861168996 5.26607536733019
9.31028088387746 8.62170147355764
2.82654275712461 10.710476864879
7.79408994841526 9.7774777073531
17.0731700316835 3.41987128232141
18.157325896127 4.71021254814365
19.146797826981 10.771275104167
8.42058871647536 10.045383536365
12.7911880488282 3.17092117603996
15.1933701774035 3.50942078786496
20.4624784806294 4.62011188213397
12.6903326885554 12.6479182760479
7.0539164145004 10.2939174939827
9.51154712485673 3.88037860381593
17.9879826211701 3.4677317821822
4.78844502057333 10.2963039866638
9.95839166259047 5.56503301344665
15.8721000544041 4.10384379393777
11.7491245036079 12.6868539880869
11.4529997588033 6.33924136912607
19.2314625177252 5.75507822787816
19.0596053784119 4.87518509029577
19.2313116465739 2.55463861634197
8.02013709891661 5.00305741597876
5.10857170668896 5.28836163762026
12.0898444796158 8.04073155435241
2.92569238270822 7.29975122309555
21.8762039676604 14.4664379280428
3.30133671284168 10.2337341782088
