50   1.13966296501023
14.6232463404697 9.55459565484576
4.22935391121831 9.92517820237982
18.2771842703342 11.9073518225391
20.0164342851888 4.01966910301896
11.1259300845465 6.3423745350223
3.77999560317036 5.38376176764465
7.29420848907085 5.46155783696854
15.5958624798163 5.20928179892717
18.9802610740561 2.62648664675235
7.3690784420704 10.2683163237642
13.8059631151727 14.2869534005438
18.5594789543304 6.31755276431948
12.6162543819968 9.61507708305717
5.41805423009195 4.9531691632473
3.55484790864284 6.74499716755236
17.6204951347989 10.3773538322679
9.24975018795451 2.4996353337606
7.61130504869685 6.7293539449178
16.0552411620724 3.67456661597126
10.9796050731187 11.8556365792422
19.5097071409652 10.0713431648184
10.3902254132458 4.14752954302586
12.6853167975958 12.7659072691895
12.4979463290312 7.909625773837
14.6855729915548 12.4848181787293
10.3268415047394 5.66349680482771
8.24881092358065 3.78610182383978
11.7234847821876 2.65337123090429
17.030762485522 2.35365679393708
19.1506989883951 14.5172715931043
5.4268129644617 9.64913556921815
18.0739218082893 4.1890653471431
18.5464606905377 8.47650051405218
9.7660809065743 7.73500338146079
21.2777214374927 14.4592954622486
13.7062889002063 10.9667111171799
15.6443715363107 14.1741137889899
13.7202595486636 6.08557928380204
12.6011404776774 3.82195735191035
6.72456248223994 8.37665386275714
9.27435148139832 10.9518274040633
14.2474066365791 4.09503647956483
16.5674963115048 12.315748763746
2.47292143735719 10.0559460786339
19.6585549018454 5.68371966531046
5.57533497073005 6.73472825740256
19.2275673126593 13.220251
17.4871846567215 13.9521484414318
9.40368599720377 9.4418859796197
2.91523744560388 8.35621413992297
