100   0.022830177096476
0.237462105241386 0.611756361322109
0.395813804955232 0.602210967802964
0.348390210814786 0.436850705341832
0.287423919835757 0.484282851916248
0.301719148682803 0.741370432821971
0.290099120378727 0.55253176408587
0.474838997518348 0.803780422390668
0.483425571121046 0.644141220464592
0.468281397788701 0.530569333501078
0.37434947195328 0.627273239769009
0.30001512305259 0.647598691416679
0.322738519614101 0.531721183824776
0.596444027578541 0.506737158350897
0.249127608135554 0.590850171786224
0.399973360879465 0.638335083907484
0.477761731123449 0.77963555020204
0.358902053523047 0.58659628207569
0.267225221396913 0.79351842555483
0.293309980599284 0.702656292237535
0.484725423480865 0.226203527760022
0.606918170881453 0.435729496527946
0.458950331151617 0.430549447832553
0.351194825259044 0.839283041042821
0.367531124100701 0.66851755151413
0.32037135640701 0.494741157467606
0.455021329464543 0.679124072225972
0.35678408375285 0.545092722247236
0.545622169878793 0.38656802087555
0.252896329848281 0.532996100698364
0.31104995718956 0.419746131803709
0.357650113544251 0.510914801564955
0.308179231681992 0.605666867169245
0.503292367204456 0.391699780174502
0.285413596099927 0.514278848612282
0.456376142685562 0.229891804849087
0.456419653902622 0.638760368439555
0.392917913917742 0.229987021696883
0.264132037054696 0.729351950035263
0.475563647250087 0.757225383750159
0.383074000298433 0.270187968475873
0.330180969285484 0.255402384520042
0.331868494174149 0.616910497793802
0.395083694317807 0.526346587833002
0.484260742452939 0.4594456247547
0.577693057598864 0.3701435406028
0.466181088403163 0.563310298700498
0.448371375033949 0.471201547029778
0.257543076823456 0.571187912394926
0.390006454727219 0.563095953185393
0.360974652367187 0.234770922066935
0.385094686253171 0.719162312291285
0.36718448175557 0.746957856870321
0.329708322562349 0.573389443785546
0.478357349726113 0.601287963894575
0.389062209252857 0.679200862558252
0.328183602870645 0.657599936261916
0.4909294475286 0.724786629667056
0.226093702124872 0.636591114631864
0.347484078374885 0.400899506675866
0.428557422070298 0.546233057422796
0.511839720648025 0.251422122052913
0.517320110292637 0.35904245194346
0.356873045621435 0.710154497993819
0.300382654206642 0.681217995150496
0.54172444214546 0.308052601910038
0.315345207667814 0.380572468521137
0.414733963094535 0.267192717276111
0.426764291096195 0.228992593863332
0.509806621423917 0.323551952149031
0.445494333340321 0.269193539074753
0.564315628720199 0.442096127752067
0.53964288208243 0.415114780032923
0.588584051721176 0.468836002074892
0.355850147218226 0.278632200908252
0.353364997000383 0.321752640777181
0.350787257754769 0.862678058827758
0.463233691611094 0.398738612413772
0.351353497343455 0.363082588829409
0.515448156734247 0.28612541923262
0.309953383542537 0.453805153433866
0.49912305931937 0.42312713601171
0.582253906012965 0.408704178620354
0.346391464131085 0.471841802343006
0.475128545245231 0.833038667184968
0.445590048687114 0.601630390467314
0.630329036586699 0.511799329498738
0.477306732079892 0.268090477540696
0.472762570118994 0.496011840297877
0.461048223405751 0.722252536977669
0.363492275635428 0.771511165599626
0.375757572195113 0.810344335549856
0.324392230283122 0.299188525226093
0.624713368386412 0.47496280304584
0.549111178019808 0.343889496696093
0.426958305064587 0.579227036615244
0.481228516163945 0.683850935006645
0.434816510897648 0.511
0.319916448015411 0.340815394878589
0.338308541185957 0.801796166133305
0.272584459258613 0.767883322508016
