200   0.0153631787166539
0.546374649116607 0.418834123166717
0.330380163534581 0.431817216534565
0.337663767972527 0.614716553169891
0.600487058176358 0.467014853944626
0.600840313250437 0.512322915966308
0.289145989621666 0.756373637808378
0.276337090525074 0.497999780993531
0.256520183924217 0.601765140005291
0.305452720683999 0.436721713774962
0.347650941526509 0.544276322805375
0.309267276008292 0.412105383614249
0.422341868310468 0.274519178177653
0.218998890400643 0.624212924470489
0.459775899759566 0.688551045814272
0.465629204255138 0.764268866209057
0.411030572191955 0.524065939747716
0.625820761649967 0.470196822096939
0.315476965405588 0.526004387928996
0.485767006864992 0.829252294137432
0.485408221485768 0.69891619694049
0.547474049166952 0.375834485523936
0.309801214105942 0.617246577065546
0.321516655595129 0.658507117783944
0.348781962903258 0.780906354327026
0.475378189437201 0.611082882098431
0.587640731636812 0.44201095851608
0.347925127577169 0.228804768979727
0.41597362880353 0.577250069717358
0.399552860835019 0.6247485287238
0.464651533472334 0.738718509461217
0.483906751258698 0.67492997064376
0.574495254109075 0.463558547169073
0.279612706716468 0.55613977557196
0.410443965242334 0.249249443748398
0.47209690824779 0.533549991227711
0.294388618379883 0.662050741400804
0.362307036112876 0.704926192441971
0.5 0.381100019472193
0.488337609363891 0.776710215133375
0.353639169642689 0.371360513071246
0.387599320616573 0.511638941832797
0.270304131345188 0.736430985177978
0.57494236063337 0.374452940817231
0.540764601571019 0.312894343973448
0.293274720721793 0.480400061897716
0.502763478455643 0.232945905045053
0.349573975434854 0.499329042010695
0.336850107421457 0.322960601373341
0.358745398681657 0.318085240614561
0.444977632985683 0.274704197373019
0.450067071139909 0.622877118254377
0.612347229522489 0.444877004839912
0.290784361398113 0.536407945929817
0.426516891521001 0.550160341158109
0.464354379205853 0.790436250613897
0.363518447849795 0.523641088591604
0.281411376635467 0.782206208186973
0.485860094861104 0.45816757413882
0.337620340292908 0.475342984280149
0.466338085793113 0.504566884495067
0.531414919258903 0.291454771779042
0.295962757869577 0.731146368361772
0.33777048981279 0.858123230154905
0.469603818256877 0.442920490037292
0.461852755684364 0.712921807919082
0.503265696198723 0.332386107647417
0.369430381234778 0.797777521975412
0.512326824317014 0.356567509690609
0.227041820661136 0.646934598559985
0.35955667795505 0.729200251574038
0.35333434619936 0.345785647788622
0.378369521495188 0.275251240596413
0.47770364396079 0.247116270725702
0.36675118805257 0.823750116418937
0.31551036521241 0.330501618611596
0.485328474618408 0.271829652305554
0.446162985789867 0.443331964423024
0.378175972440678 0.608225660996112
0.273917604118657 0.520563174928276
0.512130483749115 0.307946491331559
0.459085058900066 0.570232220751895
0.300122292600235 0.459425626709109
0.488982276291186 0.750137203484956
0.304246237537609 0.70668055818211
0.427982997243867 0.523543187086473
0.330478405850177 0.636376293471497
0.355016816649581 0.397933799805424
0.312332758640283 0.359467856030463
0.601038872537369 0.41912029782976
0.559297215091084 0.397180570914489
0.586330637114702 0.396715981390637
0.456546125272035 0.417878065474817
0.474946593545362 0.556913063239049
0.315975878909698 0.596074772047058
0.448489933729666 0.5443962718632
0.333129133619097 0.406242396878754
0.406785303844297 0.550086283181865
0.48552934125685 0.509232029920898
0.255985371444779 0.785893095671377
0.390788932853874 0.565419290100877
0.49657370010466 0.432765325987113
0.333034539317967 0.379381804209698
0.389047691888957 0.586999408979383
0.313214547378105 0.68191504600244
0.406086952919574 0.602124101788901
0.286809835239082 0.686475407319705
0.453829796099929 0.597106939209296
0.34841949317662 0.295887651456305
0.433663789108046 0.248944836396433
0.354654999696779 0.275210904805873
0.363184599569328 0.251433593893778
0.351015374807326 0.449270471409043
0.37418370340141 0.77198446215266
0.373262472553778 0.632397405405614
0.352749014579241 0.870196224277801
0.586423407397632 0.488396227399215
0.359400472426332 0.475152945966302
0.518742434039556 0.419758128779089
0.311490011723281 0.386811994624005
0.449973085353194 0.51779016881873
0.521054984037253 0.266766416810399
0.245203263436098 0.627090986985168
0.310882467834218 0.482153273753491
0.47137346525802 0.841792031433292
0.522467170500159 0.380739398417834
0.371718558497109 0.224930591824217
0.485988187102725 0.220077962290638
0.625410812386078 0.519129980909167
0.277774786754741 0.711024158645927
0.612160359695106 0.492448972133768
0.391574103884537 0.673094245094562
0.337206586667892 0.252999973105658
0.478041089193019 0.631563866474682
0.466899415914668 0.273802762455912
0.476561334328885 0.395825292050481
0.338225278698391 0.523024308168297
0.396770840975654 0.224465961701512
0.442815549384155 0.222694049759063
0.344880647335211 0.807409044631527
0.394954422623757 0.649140079896416
0.481247766626745 0.419115536594631
0.38535338099264 0.720587085985715
0.32380544862477 0.303527156196273
0.504011364778983 0.283688700053111
0.386327409962072 0.248831832578598
0.269214361043337 0.800729727047927
0.346036872450666 0.569814115307453
0.251945852011306 0.556461859622035
0.552262860079371 0.332074859612863
0.322684757330247 0.575201819526247
0.563131507351153 0.353107831816179
0.481625169158091 0.652941000499908
0.486760812018589 0.723901952213663
0.328912774548491 0.277098194590015
0.574012635005325 0.419570849428975
0.455729451766588 0.248369600311943
0.457880814116808 0.467024344820092
0.368561488483556 0.552607918265807
0.526444031628737 0.330680200738191
0.486090266858638 0.801805132772703
0.325182234524194 0.457055188694856
0.504495721773041 0.253958220628403
0.302564748422023 0.638649898962081
0.324011826581353 0.499093891386401
0.324854066027713 0.549646145067218
0.264301045094395 0.76068147101398
0.367791164060589 0.579654592971646
0.453917585521441 0.644272199569333
0.262018004551387 0.535202202079515
0.635756243571079 0.496969220837161
0.478644631008909 0.585684688929224
0.463869077906006 0.817961378829458
0.365508111132976 0.681453493762057
0.479728567173053 0.480861405618194
0.332896917461734 0.351542459448634
0.455330127093475 0.396371631435037
0.400676147866761 0.273722367448364
0.531219301276094 0.397361288645372
0.35480599000643 0.754725152055952
0.240979119546196 0.579251868793915
0.267452056829973 0.578261658815815
0.388762131926139 0.696981838156742
0.43165222763833 0.599597793300488
0.385769734820887 0.536442583502641
0.343414929172077 0.595606785933289
0.45148166023577 0.489325892531399
0.457106651943509 0.665740193617224
0.560006234294948 0.441265942206512
0.503722867200314 0.403834943850253
0.354585296573201 0.425074495452524
0.380409818146111 0.745942547718707
0.420319374788773 0.223758116130407
0.298697653802013 0.50898863381515
0.342087070690457 0.832210176728718
0.362757857572761 0.849933606776346
0.3690215386424 0.657158168133957
0.53564017761689 0.354677421631557
0.439495183944729 0.572634797409236
0.232588561853852 0.602448174994939
0.464503558884182 0.22176096920598
