50   0.0326859711733292
0.329557649923409 0.594748496678147
0.476851872451561 0.823031083201324
0.475593429312255 0.769885228050248
0.317235992277545 0.638235147204082
0.38258099085722 0.652182527292269
0.275488121190731 0.535966433632587
0.613048344154533 0.504888727927404
0.416570230682821 0.219666555583918
0.460433633639197 0.577983370540654
0.457683819578961 0.264276567023854
0.310552907702167 0.440785681417264
0.559983033591326 0.356331213406146
0.476850379575298 0.717771680672948
0.387383361398378 0.539066700945667
0.371361990628953 0.591959806613539
0.51108511302408 0.362773917461837
0.344040765047493 0.280886654080479
0.355527336930216 0.801231648535701
0.34794349957807 0.49017039310139
0.298137834724012 0.495221837441218
0.343295588233614 0.433859536184047
0.570379530420276 0.463050717020557
0.351847952746693 0.376003904422961
0.411718681664051 0.599216360946567
0.473345756027395 0.43533406275069
0.298510988677777 0.684328536092691
0.527627597683707 0.314558561457557
0.464345595681619 0.526995616822468
0.404436970013194 0.268087527742516
0.419988364679739 0.53958362751124
0.532036441805113 0.412894737221852
0.334981250084382 0.326590938916172
0.252904326684768 0.580089229062358
0.267097982323569 0.783514887032441
0.472898574941904 0.402029921030224
0.466385473541823 0.62569093057967
0.477776578924849 0.225734282419188
0.310973513978459 0.378781985939671
0.466611771801806 0.476129283774285
0.335906195306366 0.541680232074288
0.368651846350026 0.749738786542641
0.579584633543772 0.408326046954483
0.357574609432617 0.234886296459776
0.231066930785508 0.628079364461781
0.352165573174662 0.852823069601676
0.468501477268893 0.670125940782967
0.509417151268238 0.265805963181526
0.375186386247036 0.700203669679172
0.621531998106608 0.452602596984748
0.283811039479075 0.734338391365023
