100   7.3999686310068
-6.69863721251914 81.4603298714299
15.4541144478345 38.336848555247
15.4780735540844 -45.8947579999713
60.8370070087878 -35.4333612451896
22.8761025909975 49.7988988436293
60.9241709507 -13.6385819193189
28.8645344519838 -24.2433843333266
-20.3124872727917 -45.2293079871679
-35.1225784132238 12.5859310763026
29.886111875921 -1.9849455535852
-3.48668845033815 25.5397123237201
-31.1125108023727 -21.365100159919
28.730877223594 19.7761359275203
-48.7737525948713 -10.9170414925496
1.99980920850143 14.3973946738841
3.76725305817117 -22.4261087972551
41.1887104648049 -46.7747409588848
-2.23982724086491 48.3381737857581
-19.0854190327904 -20.9087197511176
28.0817441787804 -46.367129936391
-33.8744424081138 35.3673172809852
11.6739324025361 8.93031587603941
73.7410725323986 -35.346750406965
16.1052206629972 -23.2712964566255
41.8655845487616 20.2266278084584
42.4998076522834 -2.04913579894487
-67.5399349203217 -46.076365557858
15.127049429359 19.0100056523352
-40.6631313048658 23.6372828501525
-47.48823796818 11.9000195826313
-14.2905211299084 -33.3523812585841
48.0568847913492 -13.6925570063172
-5.39820014081377 2.8088198313922
5.1430506955776 59.5809361178784
-27.0735779748143 47.0612363404226
4.40433003318703 0.776245659732303
48.9649502662983 9.09339390750914
-22.7421451327491 13.2713371886034
-20.2572659461613 58.6731458325899
23.6549184003942 9.27565557194875
22.9160191549278 -12.9484543966201
-37.3270787571902 -33.4521311567204
8.5946872403856 26.431854998866
-29.781047653218 1.57269379621954
6.11817196415103 81.5498182172344
-42.904818449344 -45.7467720419776
47.7995957608212 -35.7963168057682
10.2265961447556 -11.3932046006476
-42.1530327118482 0.875801287931603
3.22399047933868 -45.8067904458397
-8.04608113673594 -21.7602858450807
-43.0771674893615 -22.1109464173587
-28.2888213103893 24.3114274752139
-12.3421702284409 -9.0872421081334
-9.04984298447904 36.6330002851103
67.2743186403885 -46.4129012211201
36.2942740487841 9.25310891718191
41.4974643675379 -24.7689423975812
-21.4717352243517 36.0035537469503
-67.4923260937446 -23.4445327431228
54.8947863766121 -2.62144213492329
-8.76444771683613 -45.5218860498955
-55.0428823029726 -22.9164056290275
3.20237973680656 37.4042758017163
-36.6215099584865 -10.1627492465869
67.3944131739727 -24.367918855925
80.1746408609287 -46.333715644319
-73.905631240003 -34.9517748908355
10.2218106819955 49.0662100293942
28.7287120855336 40.6795596637985
-0.740694728675763 70.4206887223888
18.1590867689673 60.0455345107115
-0.0516661193801951 92.6002117708861
-2.53699128265334 -33.929853452608
-54.4913733528943 0.153038704950122
21.6861778309382 29.6771090621285
-24.4304440073317 -9.50365509280966
12.1786266509752 70.696543477246
54.3253646774286 -46.4203245628251
-61.359272903571 -34.5650624000706
35.6795117032975 -13.2711369435722
-55.113085761579 -45.8886127323058
22.0550415799804 -34.8630635976198
17.0969670208708 -1.70389441101212
34.8739661684729 -35.7471267655858
-7.6658728232516 59.1229813787022
-49.0296875556623 -34.235468588083
-17.4418815038202 2.21206030498321
54.3679349504326 -24.7201032135265
-15.8803125700911 24.9587331051626
-14.6469110989114 47.664169519984
-60.9520468200308 -11.8071613034232
-25.533037941443 -32.8159901723016
-31.4093104965018 -44.9833971345934
35.1010652735597 30.8016562962321
-10.3617102145435 13.8704705307464
-80.2082995100354 -46.2753229083429
-13.4472744405418 70.1491115959968
9.51101466667826 -34.3027253563429
-1.87636877055472 -10.255062882189
