30   14.0093358272535
25.8307349896102 39.963649850384
-74.0692584445642 -43.7407401197631
25.4283063920612 -1.31666379557009
-36.6006542013686 -25.0404649045217
13.7281463357897 -22.6246495214906
26.3618136396816 -42.9094834620151
0.979666791682902 -2.27676188636546
17.2585610903715 64.4058964863638
74.4798213445465 -42.9785206224581
1.64050818158778 86.087048462276
50.4006926337897 -42.6989208224331
-62.0238773854451 -24.27292541029
12.8364399681595 19.0332065359125
37.4949776790003 19.6379115054069
-13.08806798919 12.8070610695505
62.4580758344127 -21.7438490509521
-30.2729576580956 31.3303625052543
50.1193498291646 -0.646481347593062
-18.7828798523015 50.9457468531617
-50.8312232669988 -4.87713160577956
-10.8464998409117 -23.3742720718462
5.97841144261676 44.7307575434259
-38.85779362606 12.1218786214544
-23.2627310194147 -43.6591060284133
-48.645443613379 -44.5140495942114
-6.57980548366813 30.4249357409839
1.75439650382032 -43.7240799960031
-24.9109375925925 -7.00151395691727
-6.49348744316517 67.3664886483109
38.2095385971277 -21.59954731277
