40   12.0692485470932
8.56124191716806 70.7045153562641
35.0509083541918 -13.3272277896814
26.6993057669072 38.3225873229481
8.28848524292698 -46.316023075468
-15.4869783196337 32.9790926505437
-23.8830423155578 -25.3609854421172
-12.289996341195 69.2124889370788
-13.4881916394806 -43.6819195491198
17.3185847805662 54.113531997537
-6.91216635970635 -15.4607021400973
37.1145733504571 22.1087664809357
25.6404828844594 3.88448936315303
-34.095393060513 -43.7481051432806
-55.5686116065065 -7.87708637787415
3.87866756421971 2.00576129020527
75.5861589103497 -45.0698784029253
46.8672744670804 4.86031623734857
15.4412327869887 20.0800691551072
65.538614142114 -28.7876537003432
13.735513113014 -14.1528705125748
-76.1149146595271 -44.027021938698
5.27758671528718 35.4584433299674
43.4144293031431 -28.9974518805743
-34.7981605013359 -7.53199634419003
-25.9913351760297 13.0486412160074
-44.7705091251803 -25.9153182638031
53.2836524835147 -45.7233023076565
-17.0419993094619 -3.57390927444947
-35.4319589201412 30.3008115106492
-3.77142814568864 52.0985911762698
20.8669435835849 -29.6163673277307
-0.861421850740677 87.9615319543317
-45.0330923135587 10.5080947600135
30.8896374396811 -45.2796676396844
-1.57449434716408 -30.1873077620429
-5.808906965418 16.2476218026367
-55.023234296852 -44.2362524987324
-24.2891966572184 50.138322719501
56.3700979760093 -12.1548067632178
-65.5819217651276 -26.194235794804
