50   10.7014601360115
24.3377321746356 -8.80854708057318
-41.4450072227088 -12.5140137646792
-31.1640951434577 28.3118723940233
41.5596426891861 -43.817027693504
-39.1244938663731 -44.4441180440744
-13.9597995270361 -25.1239277723283
14.5314723943741 8.52646284003711
-20.8637199069798 10.7720486115786
29.4892720700152 40.2182471618273
-33.9991339414048 2.38881753534977
-7.19306057035203 41.5755937338616
16.7837160801093 -25.0520832764243
-49.0007314429434 -29.6350820962526
-3.02438653017761 9.76644352646339
-13.8819540931317 26.5904881359679
-23.7124748906477 -8.88363470020149
41.2828488614514 -10.1002631792706
11.3276972032196 40.8983026367167
-59.4237828493638 -13.9562504496587
21.9992033892991 24.3616327271276
1.13538099729787 57.2261937489657
19.4968126608843 56.8427749423338
-30.8267409341932 -26.9780421832387
-77.1524707331754 -44.9783044730542
-5.67283660516841 -42.5900038153703
32.0048339580029 7.32214197859874
4.08201523041007 25.4170621835091
68.2886170572485 -27.9727364142237
-51.0864633918654 3.20743017110189
24.3160765348584 -43.5101897759583
-17.5587428546291 57.6206387955451
-9.75301604011275 -6.01265366666292
8.92758372271575 -41.8027898578033
0.0584204387153022 89.2986993476455
50.3656384877685 -27.2759204493778
7.14549497558736 -7.47353090692163
-39.5581959021074 17.0796271258537
-21.686032400874 -43.235382636135
77.4151674279128 -44.5124297469271
59.2609860879893 -44.158973020867
-8.84704818034949 73.304340310776
32.889645824277 -26.6270230819356
39.7713165513244 23.3504247641562
-26.0480422677352 42.2867682897018
-57.9865596406744 -45.5140588858881
49.4842483785195 6.04074479949363
9.68656846856206 73.2030954441673
-67.8127482249335 -29.7975151862683
0.263745348303077 -23.7329519976975
58.9805686245561 -11.104181622392
