60   9.6977352407426
-13.1767201336043 -44.2870464393383
31.2990248361148 34.0625418950144
-69.9208455471172 -30.3802848643288
-35.6169328024224 30.532851679691
-10.1350456545966 46.4109364670488
62.268963455925 -44.403707926872
12.6321012196131 -43.5047641267136
-45.1538333045754 -14.7880285288012
15.9133435130359 61.6476652706473
3.91586972907106 18.4783509907013
23.6926926353733 47.7122541205871
20.0940542408229 19.8671400349039
-44.4527856203556 15.1399712775967
-28.3216356125925 16.1209122778974
-21.1578700164434 -29.1063623941473
-20.9848743777772 1.64857717580716
9.12386469169225 -25.9256720838675
78.3957891101891 -44.8332507794242
-37.1260468109261 -29.5354435156447
1.82678131382726 -11.488507651034
21.5760815280197 -32.5266359453218
-6.4721377239852 -27.5655838490174
36.8436840949868 21.2202326097
-17.667170813122 60.8365082402015
-0.0899108208992621 90.3026815642763
-61.5458989454448 -15.4019143416346
-8.82149382075595 75.6858078962899
-5.14816703515395 2.91305671120811
-29.0401510946364 -14.1279686339424
-12.2176445603874 17.1865946745098
-53.3993764928013 -29.9606727467422
-78.2129373945936 -45.13578059495
51.8897345328004 -2.10179838980746
6.63810319504669 47.0674162502562
-36.8074743815542 0.609218657148023
25.8429887570617 -19.2728552813048
-19.282345342224 31.3791163129598
70.1045543238827 -29.5463289455053
-61.5489802688826 -44.9422206316948
17.2718510018808 -9.60440455379673
7.97475440239737 75.8415380108328
10.6836756855767 4.35443775801927
44.1117806002607 10.1966619839798
53.5792501439315 -29.7283273922597
-13.7222878964862 -12.899764841141
-45.1427906391618 -44.7161264261149
-29.0120077889296 -44.5170346379174
34.1873211424546 -4.23527570971667
60.6967903780547 -15.2595078588128
43.2439001719289 -16.6518210856642
-26.6361434583977 45.7867149611236
-53.033599515565 -0.239779816416686
-2.75330994345129 32.2606833604668
14.1243572718111 33.1645020132685
46.0305718470001 -45.0148556276153
0.0452365246472839 -41.9351873234589
28.7728021215589 -46.2407110703433
36.7194585994707 -31.5649560865852
26.5623411832437 6.29489792524092
-1.02116802863868 61.2386789079071
