70   8.9118583608464
63.4488544569673 -18.8084906839345
-62.6751488189258 -46.2807495863749
-70.9987268840536 -33.2814532658136
63.4488537437698 -45.5440689457324
-34.3124784571735 2.76628782929626
17.3156551616266 -45.4530986197098
3.53121363972263 37.9303295599216
-38.3524905024535 -34.7318265264284
-40.2392616894322 -9.51864706851861
40.3044276646019 -32.160295802361
-11.2689730328882 14.982480601829
-23.9798915718765 -9.52101098034563
4.41839063183558 11.1120868794675
17.066618861341 63.4152615316636
-5.9300263460067 -32.2552129044446
-19.5519052934394 28.3323394011796
32.5497106916346 -18.7925777297734
24.6292960689874 -5.4271161770553
0.409228025900754 91.0975423868961
-50.015262400358 3.26458641754464
-35.3163773445221 28.9576180267109
40.4088595147958 21.0978998392808
-13.5473869293928 -45.6224561970404
17.0146793494987 -18.6160350133269
-63.6365676146239 -20.8958440654077
-11.8761960700068 39.6075627260281
-13.7219996534627 65.5587973559932
55.7309641335753 -32.1762838400042
11.3473848962819 23.5468038223531
1.93311949829257 -45.5440480921599
78.8846443870571 -45.5440712655685
-22.2066344392468 -34.2273298771902
32.6377365390779 -45.4409418709601
-27.0334420818776 15.6077644993003
1.68597712759315 -18.7965697301763
-3.74451214484559 25.5276977784358
18.5383966456568 36.345161922848
-29.7527032005601 -47.1465523470148
-42.736231328549 16.1060743577363
8.74272120177684 77.4186343682536
9.49723169088226 -32.0858555436961
48.0038428039836 -18.8245101137538
-31.082960715571 -22.0232471620308
1.88188435147196 64.4725614192112
-47.258673194729 -22.2017548830322
-3.45434564036184 1.99437740513175
48.0130619654956 -45.5440732496832
24.8725384757959 -31.9827493484325
-78.6881777316885 -45.9031618542733
9.09422379259093 -5.25054734903555
-18.609692123594 2.2679724376892
-54.8938578520433 -33.8659980672958
-27.8348527774265 41.6821921974221
32.5357829598627 7.81808776217746
-4.40202867883571 52.0281661984717
-20.0675162326637 53.3276362181737
24.9688177313393 21.2631677466376
55.6718755566716 -5.54463466780748
17.1212941529001 7.93820178977475
-6.67678769250954 78.1274381056398
-56.2168885059479 -9.28484999282073
-7.41414879839852 -9.38247223580432
10.9024086234589 50.5802441030639
40.1341429348009 -5.54887294353172
25.9537034242298 49.3398199453347
-14.7184180730518 -21.600513479002
48.0213650096862 7.73075770053368
-46.3859390887665 -46.4877049558894
32.73650930215 34.5436164471231
71.1667502497683 -32.176281852891
