80   8.27478248451278
-50.8444999556777 -21.2164308385124
34.4538677897363 -45.4358308277398
-22.0439278661458 54.0469208404259
-43.3975182084784 -33.4765393784256
63.361556985823 -48.2733500112988
-29.5268460605255 16.4543263878306
66.9833286913704 -25.7865048125845
13.5220823187273 42.4603563483301
-14.7130390856231 66.6597795523886
56.5536187644394 -36.6908742121607
-50.9657955238909 3.63456333342907
-7.39921665397171 79.2236458879757
20.9364993690774 54.9624730469414
20.382954790693 30.277567104556
41.3444778723518 18.7800526588618
-21.919225359743 -45.7696132251154
-22.1818097707666 -20.7517988834738
-15.0673360240832 41.7276773381187
-8.00865580563109 -20.6016035181244
-7.7226736494631 -45.7249005807174
-0.421711612601324 66.9065978338337
-58.1464018930989 -8.86899417641539
-22.3838745987829 4.19399879235874
-36.482040117996 -20.9743188820469
-43.8316113148855 -8.71235263663617
34.7364985621166 30.7190504101613
-72.1973275560496 -33.6628918162019
41.3949895430581 -32.6802223581836
-8.05724172615003 29.4722236482294
-29.4957825779839 -8.42578169796843
-43.7732579029355 16.1814138066643
27.3837268724953 -32.8363016731125
-0.774018982170447 42.0906613728525
-50.5085644405044 -45.9478425445093
-7.78414796158943 54.3431838369174
45.8046625514015 -17.5336096436689
6.93062908669449 79.4084625594198
-0.699925908358735 -33.1036526572238
39.2997664831177 -5.41629566575302
27.004399422315 -7.46192562085826
13.1188572384416 17.5408811873739
6.15767225091623 -20.5056533898465
-15.2201741030896 16.7917488605735
-57.7797687504107 -33.6854281499644
12.9623136296513 -7.66872356205614
-1.02175463331482 17.1819171173601
79.0283649536141 -46.6677502919906
34.1437014445148 -20.0830148531789
71.7940797457335 -36.9306797459299
20.4977419282659 -45.6740122618043
-79.4130546016968 -45.9032551990018
53.0616947528116 -4.11932358127497
20.0409280124764 5.08507155608533
-36.6767740837615 3.8358338133777
-29.2764904877671 41.391068243385
48.3124967368785 -45.5189135881952
6.54282414775493 54.6566773543438
-36.1623748193961 -45.8030933961363
6.4030126540456 -45.6526913354026
5.94823768709586 4.79523370612849
27.0103563185123 18.1400569941621
13.9438031833603 67.1581001201069
-65.1788547291232 -21.3394453901981
60.3392770008841 -14.1372546082061
-1.05305487848699 -8.00199239547833
-14.8533747768241 -33.2205366058135
47.9924058080771 7.12020707287856
52.854141893314 -25.9535689514383
-36.5728411882331 28.7980398164545
-0.106687453509611 91.7259053091433
-8.11370543627548 4.46759078316145
20.1460623412703 -20.2169810467625
-22.3125242540794 29.0503415762411
13.4396437232928 -33.0523735392544
-29.0705700053926 -33.2985628246652
27.8971911549041 42.8125340457369
-64.9734217422665 -46.0115929256669
-15.239369654382 -8.13145587941869
33.480895980404 6.11289662397211
6.19189830656561 29.8426740534353
