90   7.81939129484318
-19.2063519678993 -34.1256082253417
80.4243389566545 -45.2070147740653
-18.4494347618009 12.3777595751759
-12.1861731549833 0.588961720385812
-11.4434925199922 23.7904330290996
-26.0146540751809 -22.3321625078036
15.9235236954182 45.0129414624901
-12.5338434384547 -46.0451815280647
61.4765438396627 -32.875901868835
15.0155375268077 -46.7397588022181
-45.6989241839181 13.1348873702248
29.5299240710883 43.0421761843394
35.4505216040824 -34.3143131173169
-5.07311699851805 57.9506053691817
1.05996654866613 -46.2258697321288
-5.54277256175762 -11.24607978908
-12.2568447206561 69.8485946770592
-39.3343425261846 -46.0333918913593
73.2444385624548 -32.590641365751
41.0713091323347 -0.619381405635975
35.0405372381221 -11.8124296473035
-46.2744849016371 -10.4893968619341
28.3665958469649 -23.5045343316829
-18.3163328075272 35.6120160692012
-4.77591605737761 11.9880056777536
42.5089349570355 -45.8469428797637
36.8656940504096 30.4794435886081
-25.937555963975 -45.8998048523018
2.05779555262189 46.1300434190487
51.1339171876175 5.16751144269797
29.0032210711506 -46.2847346083354
-66.3179858944495 -46.073899523071
42.0288437822416 -22.0579597875334
-19.2401888462912 -10.7386591998077
58.7063215852235 -7.18488741638755
-39.4844781108198 -22.3116542978429
-59.5558189559473 -34.2926133288138
-32.6813343208924 -34.1138071556038
-5.70010824655041 -34.4516734775467
-11.7533762237357 46.8658090679114
-32.1540955392413 12.8729481915217
14.8135309463106 0.0171229834174893
-59.4984113535066 -10.7586729969067
-32.8170341487407 -10.5299923921576
9.24213721788664 34.328489039241
23.2002562639221 33.1694381670858
-52.7984281610399 -22.506335028102
28.258202090971 -0.2191860952567
55.0077666733388 -20.8792801503745
-39.4675529585426 1.29270392956923
-46.0552651128679 -34.2521047676814
-52.8143237112672 -46.0380774399729
-4.58213990700542 35.0547421611055
-25.467242129973 47.4564253515538
1.41083249118749 68.9478519389271
-66.2977583568654 -22.5447370848973
-18.8081356667455 58.7155424994645
-31.9564166383565 36.055647479316
66.0777896070796 -19.8536256131402
14.89729359944 67.8025071816442
1.40466351424338 0.286231612039622
-52.9051593969379 1.36634435414319
0.51898254774897 92.1978504669133
22.1471266364761 55.4554413306587
-25.1048471105274 24.2006640285564
-73.0578442732435 -34.3264338523403
7.98714996911429 -35.1483119636741
22.9795033404942 11.0219913892923
30.3605207909541 21.5912324590472
8.63620682068995 56.9259904336082
7.68657052936978 80.0567083803429
-79.8414099568424 -46.0718966892818
16.187308807758 22.6059809315988
48.5684879378125 -9.35707481202213
-25.9029980468787 1.06367323543601
-5.82714887024457 80.9556125212995
68.1279833932268 -45.1305985869489
1.19951394272258 -23.2201741239164
21.7169217512008 -35.2092451559446
55.5720470728598 -45.5617750391139
14.7331897749582 -23.6168970228012
7.9624607484155 -11.6884845316457
-38.7892638425345 24.7287570799657
21.399769344261 -11.911911572526
9.01746684138246 11.5295379534051
37.2404386243061 10.1715365645664
-12.4326409914976 -22.5322686982061
44.1904962918477 17.8622262311293
48.7686875358598 -33.591353550338
2.30414774340679 23.2536619724191
