100   11.0368923280486
7.57415794311349 75.542672742756
-65.7733743160738 -55.7189290226538
-45.7290522337006 31.4730928359683
65.7937596052634 -30.1489511783784
-2.92242233439393 -23.9622665255021
-9.65486314245508 -41.4607278299469
41.5711846973868 -51.31750134291
45.8548311319725 82.2703302637379
-8.99297505733557 -88.6712444279336
-53.8550849028554 -17.7494964295571
40.5768150299252 33.8819299133401
-85.0063518883384 -2.61358746035661
34.8927921240115 -17.5818960750458
-55.6464786200194 -67.0634288064334
-14.4019247394183 -9.92831532232828
-9.66851484636751 71.4910141114716
77.6759954224939 6.68514461110611
-56.0017919090089 45.051976072266
-94.1925230921153 11.6376077761086
67.7980987533709 22.4470704350817
3.16111108129522 25.6282209883556
-27.7974341150186 67.112609540134
-42.3321221671718 -31.6212517792593
-78.345281762291 -47.6471269499381
68.6093843222764 55.7813610673054
27.6341826116193 -86.7699087371137
-36.1851356937001 -61.3157366292393
59.8217725198002 -47.0882691325722
-17.4021145129253 52.6690501927137
-65.2565837511912 29.0390838265219
-7.2371029736163 38.7651363478868
42.1535030874033 0.515784801592076
-26.2052370162184 34.3831495907984
-46.9307838578363 62.0285562910174
71.9615392739641 -61.0356896738251
-22.5512790363897 -74.5487304774301
71.4392616226835 -12.4720960348785
-20.8732513605162 86.0517938586854
-58.3108760459961 74.5423888061505
3.32634291141108 -55.7353936630585
45.4266032620714 -82.8400952179338
22.1638816374666 -53.070195391074
-71.3195820754583 -17.9404532195017
9.60506885109389 -38.3335086253042
-73.8351140980538 13.0824683508711
23.4095493582173 -2.67664236282364
53.4157486140999 -14.9264461208069
-65.1812245755868 -2.86754778776587
79.474584924472 -43.7703134895164
-22.3372916982291 -27.5892666246545
-34.0357070795624 -14.4666654360216
-61.6480982598108 -35.5966806591705
59.1181405927961 68.7019193900424
16.1112216517428 -70.6749920858136
-16.3014005461122 -58.3460763211628
31.5541396573759 15.4716437642752
9.9789067756501 -88.0099130111336
12.4789062086445 11.2965504504955
21.7549778229718 29.4167874605402
88.7924535038431 -9.07288460934841
39.0642124794161 65.742265649381
50.0412551077263 18.9686764271139
-15.9921426888626 20.484508435996
29.1555986211856 -36.2238361556129
33.8569243123726 -68.2891277431467
13.7506533573519 93.1610867729697
-79.778420391233 -34.8485080581516
-29.4339219516052 -44.5778188442705
-85.5762210054939 27.5190423516271
-29.1321813344493 -90.4389746014172
-45.6903374765454 -0.60435137705772
60.4138807309247 3.47087773224015
11.7675854252828 44.0757062840274
-49.0457114512568 -49.1515378099912
-26.2224136649428 3.17196297718774
85.6491419993276 25.4525344220438
-39.0614013159003 80.3164209780087
-6.35487908674572 7.40508732858601
58.740775741411 37.7378504655428
-35.6828437641446 17.0143931913348
47.1331374527088 -32.7105593561714
84.371461366644 -27.6664087158234
19.99627175285 62.5119781959103
-36.2129994574957 48.8162995687489
-66.9359583245749 58.7751792438837
-54.8223058059224 14.2576365545349
49.5890922355945 51.8644781356065
-2.6128286382397 -72.4295768912745
-3.88431762041956 90.8850788973681
16.7719677254371 -21.4522988777864
30.3793213931173 47.8445444804144
94.2105098263913 10.7568216091543
77.3348550458266 40.5486510142928
-42.3607248953037 -78.2386856064425
5.14492311111124 -6.94730761150331
27.0527780386146 80.2948174008382
53.5371585991369 -65.8204998853852
0.973614290265408 57.2212470525865
-76.3596008983721 43.4163986311218
-89.9402201916159 -19.6627458593694
