30   20.7010564185799
-51.7712095545407 -57.7940215643645
17.916435596116 -48.3158973215365
-50.8010117860752 8.64185996152798
-1.94920774632124e-06 -17.2643156278198
-56.0943887992596 70.0403680827373
32.8845790216756 39.6740371539045
-32.6095429162888 -83.5993499438169
-88.7039328082291 13.5589796779827
-37.802642118381 -21.8253673809443
-4.64279441558801e-08 43.6507327644042
4.40631993188364e-06 -79.3868685803162
-68.7510433871299 39.6934320789166
51.7712123887302 -57.7940162407356
-32.8845772378956 39.674036259354
14.9513344390169 8.63216048014733
71.994432489683 -41.5660051016788
-24.1654851217597 73.7321939965799
75.9366929586779 -15.9381767613821
68.7510465372764 39.6934308178426
7.21481081100706e-07 83.1320131390572
-17.9164337344028 -48.3159000311419
-14.9513379471656 8.63215892166957
37.8026393847577 -21.8253633086583
-71.9944346508094 -41.5660068112088
32.6095501593903 -83.5993472318964
24.1654861797401 73.7321930893671
-75.9366946057472 -15.9381739483185
56.0943890320175 70.0403674715579
50.8010117244999 8.64186096393925
88.7039332757352 13.5589755674828
