40   17.8007849655547
64.1197422486335 51.3108818877919
0.00584502116057095 87.1678426164897
-55.6434590020631 -58.3840902808011
78.3836750246531 -18.9973562687174
15.1295182483591 26.6973957956558
45.8148913415617 26.4429552932526
52.7269825742821 75.6492160423642
76.5042839239287 29.8574372003046
-39.1638960843242 -83.4839728962611
75.4863738944162 -43.588781008945
-30.6853120798243 -0.245618916003203
91.8813034032191 7.82429614976549
-46.6674412748578 -26.937226548438
-15.1231816488578 26.7009581837363
-91.8777168039574 7.83770277657933
-12.3940629385761 -81.1832350389895
-0.000168388445942469 0.00048466174842865
-75.4920366559933 -43.5792559071856
60.2508617585335 1.64453217707758
-60.2491622909855 1.65797440645435
-64.10978538054 51.3252530346669
-76.4967598769329 29.8732618433813
-22.7401125096102 77.3810225411687
-78.3862359393535 -18.9834832008428
0.00553782026005223 53.8840696554314
-15.562061158374 -26.4468990656008
12.3774116788118 -81.1848803211156
55.6329141562887 -58.3926815754629
22.7535876311294 77.3758895319744
46.6616927313639 -26.9465635364924
30.6847404441625 -0.253151447672989
-0.00679412689053915 -52.8981022530107
15.5552162146477 -26.450718608885
-45.8080769754503 26.4552846684895
-31.5498448759937 51.3567511955421
-28.7009530335845 -53.0012224222598
-52.7172294918026 75.6590012763896
31.5608028126926 51.3481724030305
39.1511478412993 -83.4869975294516
28.6882130627196 -53.0060763497722
