50   15.9031703637549
-89.2265209045552 20.3733155972463
22.8148554845235 -89.0348111471022
-33.0009079660819 49.8071592680723
36.2199732365711 -48.6574237632312
31.2042933142964 -22.268700378288
81.9625577682994 -40.631037839178
48.8856118503059 27.8254565085168
-13.4892583810807 66.5933266699233
-48.4859413468816 34.7428736291187
9.66143465212853 -10.9543629093009
9.80571747559951 -40.4338011144294
79.1726971639045 30.4206269439167
-80.4515131296793 -29.6461964380631
-6.32161743627757 -86.4592194663047
-73.6432759224236 43.8000021945729
53.2770349984757 -11.1329520408974
-41.11738197206 5.80060989178584
66.353960455594 49.4538054292867
21.126357809865 32.29482265689
12.406530864024 59.1756348802286
63.4633736826995 -59.0649022651705
-30.0146913777036 -81.3475449016246
30.3836187833849 79.775081118965
-74.9324608881748 -53.2921711640406
57.1935636889462 72.1080808409539
38.8191158887924 52.9437021096712
-42.0100635116925 74.8921120560399
3.49339052675442 13.1213588618876
89.0904999526487 9.85362801480453
-50.8665238931042 -69.369326255703
-17.1436039936741 89.3021393020436
-65.5988928344876 15.3470594811604
-54.8434951993959 -40.5619162404031
-5.70861887150226 40.073930067298
-30.8636603536941 -51.0482808632987
-10.8026100210334 -60.2937350588932
-15.7122848380414 -3.73412101632684
42.1119518375595 -74.6896621860031
57.9654529657514 -33.1477001732727
-84.9143462976203 -4.63273015266362
15.1901860536317 -66.9633976089744
6.08743533032971 86.3244961019386
-34.7795168191629 -22.2585599443415
-23.6572056437417 22.9994597523995
62.3289425255172 8.69641793495744
-60.1775416405839 -12.7604168656961
31.7244660492478 6.95614418138152
-11.355072479906 -30.6577533123961
-58.5434367213456 63.2732590434361
81.5103992533338 -14.2393370336379
