60   14.421357424866
-39.3747412338479 -15.7839867943662
85.6465055604988 20.277053081826
-86.1807060129576 -5.20909852345596
26.7660807774801 -89.5779566167989
44.7593878659398 73.756181765118
60.4361585950764 24.6691574132779
83.1613474685136 -43.7050025648077
23.9328917310748 81.8249945702988
-63.7792158641604 52.9573123657401
-5.10491541438875 20.6789659677053
18.8942451489944 -69.1676706755655
-56.417459296913 -59.2744700616676
51.3650352423308 47.8532588620624
-76.1664204269446 38.2253353896864
3.93244871048165 86.6583851766528
-77.9992797900255 -51.7929061856051
-6.62112640231702 -65.2382670572384
44.7415647025591 -74.2072008417009
-36.8066964228209 75.2285836648315
58.2033832044387 -36.7263054391164
76.6744237084113 42.4059010278398
-30.9212319853808 -62.4108710298289
0.324360585206363 -87.1462544795748
-46.6048395968899 -81.6136591541291
-91.1052585882645 18.5049548132922
34.9184275773994 31.0947605374604
-17.2918928708554 91.7328652340439
-15.0489325762932 66.9926254181566
11.9116869286437 38.5836530720994
68.7120077401372 1.85412452707188
-23.8395520133604 -85.2129241598719
63.7914456728492 -59.419820865377
17.8740275198827 13.2926598533214
13.1910305226916 -47.7678873678871
-36.9475159674459 -41.1844307573687
28.0638900424878 -9.09881880105893
32.6737442024797 -30.6469187110231
-62.8726620071022 -10.2845552682479
38.5979449414125 -52.6468537209581
-81.9376348219893 -28.4629319827083
-11.8892014710674 -43.2543772589113
-12.1616780684068 44.9875842098837
-52.4876686764306 32.8992756192313
43.1242793178603 8.07429478583888
-58.4030108182809 -34.0641209639329
6.73415098336359 62.3408941482585
79.1812574255063 -21.3983756904721
-28.8714220630644 26.9887412095226
7.36393585620054 -25.6410567462508
-56.6670021471353 69.4133212661444
-67.5970000219111 13.6236544138656
-44.1191057129777 8.10517419507495
2.21155816249687 -4.84418334490231
93.493953573632 -1.68287142670973
28.7152383965197 56.4368138355044
-18.3571570564227 -21.8378479540562
64.3985188538241 65.734045878461
-20.4841674358317 2.21242126083081
53.6186867575499 -15.1457998871669
-36.6343806779448 50.9373539983125
