70   13.3011994340955
86.9036380736284 -4.86350117113384
-55.6151500726253 68.6224267711122
-45.489839288165 5.95509412098852
8.7479148533667 -20.0070815122008
-38.4663225203393 -53.0593131725875
-64.0231131627271 20.4808436524573
80.359186602403 -48.3523952524871
-49.5843015969067 -15.5354891604063
75.4177950353487 53.508469892042
-38.9068405439782 76.9163463202828
-81.1268067056646 32.4127434058017
-5.29403596130249 21.3350544465538
12.5434782890127 4.42543138546196
13.7614043991952 26.6960431507459
13.3815017475281 -83.5762006404412
57.6192620307602 42.6825482694662
22.8043434526695 -61.0111527459031
77.5501004860857 31.2364874519581
16.6116746552108 49.3802242253917
-6.62322748355952 -2.27562972289218
-45.0029435094501 -73.9298425692669
-29.3490356414047 -88.9042290011556
-54.7869687378832 -38.5819744730122
17.5069001745393 85.6322703665559
-87.5737564553299 -5.01583450810012
54.7557103861953 21.8350115219209
-70.0814005660668 -22.6888341989388
-87.2177854898185 14.7334855250303
-3.47572245747985 44.7677934652928
57.2841427564967 67.5143208064805
-86.95849247034 -29.5933932457444
-23.4297613392923 37.0318704261746
-21.5187494531276 -68.6211944566733
-21.2119465679149 60.6306664670852
31.2266844575084 -84.7048143468016
39.3823926470345 55.0740697389508
-11.0387915147615 -25.9355618243826
48.5830011781164 -1.80914557097761
27.4475454418873 -11.9507068470129
-67.7525913529811 0.307589628815793
-5.98471467680065 -86.5880477819858
65.2243942983215 -14.35320316602
-24.8503689476931 13.356614282566
42.364779405241 -49.8940672789722
-43.0524721578364 28.8001414822592
-74.2492515117454 56.3867906765383
34.8380438020729 33.963983265396
0.984426997258123 -65.1540356410372
-59.9638391304582 43.9307568873277
-1.76894225881088 89.8178197777518
-61.2295430035322 -60.7710109345917
70.0566845116092 8.77007676725306
24.8067519378788 -36.7201706061502
61.6246622185722 -37.6734453834136
-19.9141218653455 82.930745285202
61.1719857565773 -61.6694436511372
92.6619327811869 17.4300832941277
33.2951989265295 11.9387000699576
-15.6712434105468 -47.5215041565
-33.3603953326785 -31.7939010921884
6.19969571344361 -43.35066176509
82.7691476217927 -26.108389890861
-27.2409259191737 -9.59557227677774
44.3924958198763 -72.0159963522238
-40.3558216550749 52.9539811314938
-0.635204374625238 67.4611483922202
40.6055451747127 80.4195559789643
22.7612661552659 68.2083783101384
44.0582513173296 -25.4068740853416
-75.1731224133373 -46.8569803133835
