80   12.3988949105079
27.6199126166324 -11.4108399441064
-64.3829263008116 68.0727748663008
-21.695435827504 -69.0222944535984
85.4149579407165 -14.4903223387529
16.0649667268274 21.5310480442483
-8.8389188026857 -6.55862327782966
-46.7821490300062 73.9765357872783
-13.2031132617063 66.1733613137505
-52.3788107974811 -43.5186379748349
24.1758924662102 -32.792172581229
-11.7145981362018 86.7400946646744
12.3456430958176 -91.0628158842477
6.49213093482699 73.1739973221561
-1.63753063832 -61.9938854963984
-47.5763375265867 0.0643505636812183
68.0981502616651 0.332160996290687
-13.8225889206928 -26.4946511023219
60.9857988602765 -38.9293660401742
-17.5301293680224 -47.6619384421411
2.55947590138407 -40.659917258987
25.4838004907175 83.605495323005
-85.8828677488386 -17.9703313147142
-56.1174678485393 -66.0047076655166
-29.4512473792189 80.9156882636648
44.0661915882303 -25.2431399666899
-85.2159667066883 -40.9457518080005
41.9005310071843 74.6990613545374
-80.1134936839269 30.2890538885583
-70.4831117727818 -52.9604743131889
-65.7723796373267 12.6641652830878
-16.633538636973 45.6995849319835
-58.9334114724488 31.7203597659433
-40.8246377997344 -79.1489919313217
88.0353203168228 4.73550950593651
42.2438593930336 51.9794438504661
57.8165136401175 69.5413616735101
-50.1233386792127 -21.1373816385511
4.04322279295517 53.0512381668455
48.3164382162336 -4.95996510453147
58.5835980587621 -59.8768434856368
-37.0863885518355 -56.706210402588
30.2165452428162 -83.0198511377408
91.5990136596264 23.4094549893883
41.1027614076661 -46.4381470273714
-52.0089866214971 51.8812827961553
78.0596671465283 -53.8197990348137
51.9834866541277 16.0271433860534
-0.00889578297398776 33.4419782697269
24.7556384359991 62.1806321624206
13.5807875826189 -71.07560300228
31.9358814079503 9.21314435517364
64.8600451808882 -19.6011180654859
21.5786905963965 41.6972262848793
-68.5311564037297 -30.2139728610356
71.9192780897992 20.9067765360451
-67.38959170305 -8.08169490433892
-6.38922587770503 -83.5246005357273
35.2837399568437 -63.1769530200845
-88.9903283386307 16.1077035075873
-85.5003598131734 0.580433348452829
-26.1461091867313 6.16708639165249
7.54327432249277 -20.7238438210695
5.56342442695167 93.5315545814162
56.8179634088235 37.1267450433907
-4.86452379438941 13.3656912257919
82.1494327929023 -34.3889170948177
-32.421629588733 59.1783415106781
-43.332995305175 18.0713753185768
-25.2014736454039 -91.4048746541898
-73.2628298431994 47.6644502181352
77.3416035894421 41.4388114376457
18.6470170082775 -51.2330562039513
-37.1984598652454 38.0405025133658
49.0764495269899 -77.694330279856
10.9871668689403 0.657442979361647
-33.8234372984622 -34.8566785837489
-30.3860648418822 -13.4702459501092
65.1237121845159 55.4035678277285
36.4038277852279 30.6311873174119
-21.4895388376116 25.6231623628592
