90   11.6411745816517
34.8358524168828 79.3173892171248
18.058320224942 66.5657875247435
80.5237113107608 -48.2609888136676
-52.5971894544408 51.3303743179596
-0.00246148929527301 55.8026939489134
71.1408942668566 18.4382996164678
64.1683425099717 -39.5050135701066
-37.6560200871129 21.1081522035349
-37.0345960090526 39.2042425980136
17.0492328022638 -72.6531068297853
-71.1469130743105 18.4390867842175
-18.4347914095832 28.8925301231522
-35.4254857130206 59.0151924290215
0.00175808339331773 -42.0894959190278
-16.0920471732278 -30.2456471459861
0.00452283294330869 18.3745081158352
56.2440148715133 31.5990505244689
-87.8529670204499 5.33955660159218
50.1800695494356 72.5769405656577
48.3057189800301 -29.4865055469424
-64.4268857843806 -60.7793925861949
-17.9412707304873 86.0199838861013
-16.1775265578172 -51.677096986132
0.000788481964264065 -84.0471748697187
-17.0467924101958 -72.6555873554775
32.5416136075419 -62.6044852069629
68.787570790314 -0.548975825606815
-85.9078070285997 -11.7041476629571
-80.5270423911815 -48.2666972410848
52.5920557153857 51.3351219151091
-82.7792540011429 -29.5228047911644
17.6770693133585 -92.8561827293504
77.7453841805885 35.4529858064648
16.0946278131869 -30.2422823613609
-32.1070759779108 -41.1474086353113
92.0999435748209 22.1484566140318
-19.2070816553651 10.684363572127
-34.5663207252422 -83.6057904559785
-48.3100973911305 -29.4872309393772
-50.1899411229237 72.5733405169467
64.4307854198011 -60.7799129544265
66.5645544875992 -19.4989648054007
-70.2615602231112 48.4255257129397
34.4473150198929 0.646072283398859
-32.3351064522809 -19.6666530272307
17.9245918013584 86.0239448277245
-64.1710712384128 -39.5074074976413
-32.5408893689292 -62.6072455908767
-18.5905875372074 47.6066170416196
87.8491923183779 5.33849435663688
16.1816043732155 -8.81390127375434
-17.675789407047 -92.8592795557189
-66.5651092608758 -19.4987683299963
-16.186936438851 -8.81984020542766
-0.0070450866104057 94.6737816229387
-56.2394843115342 31.5945761980891
-77.741197783089 35.4506793960597
50.5573141261641 -9.12599260539895
-52.6821684618411 11.1758313197972
-50.5571898744641 -9.12427884587428
37.0370864749856 39.2006566051867
0.00111961249106468 -20.6214954346581
0.000352745068877169 37.2012835585356
-0.00618361623998709 0.76945640230398
18.4415989625269 28.8751334142509
-18.0496409870176 66.5935760064115
18.5903661081069 47.5887688507595
-66.2837210028348 67.8776246797625
-68.7886240950159 -0.547514845258562
-34.4488293061036 0.641164858565597
-47.9565687208746 -51.0183046334375
34.5661081271867 -83.6051789157879
-92.1035309108748 22.1551328075089
35.4188088669811 59.0116351309016
52.6801090271183 11.17446058091
37.6647278179355 21.1041536728293
70.2591294512788 48.4324388996633
16.180936551533 -51.6739182470759
66.2768036043073 67.8829054180157
32.1088345999258 -41.1427843603645
0.00918628104718788 75.1652163930597
19.2051528111494 10.6778985547781
82.7793972833966 -29.5206793211246
0.00194897090659429 -63.4845811709907
47.9606104580132 -51.0197861633944
-49.025684953608 -72.6045769198753
49.0264525121132 -72.6050224267431
-34.8478778452629 79.3079823179318
32.3307646777134 -19.6587056156057
85.9081627495349 -11.7022323708411
