100   0.599569368267257
11.9203990163155 12.7459456734562
8.01442125093226 4.55585516212142
10.146590476158 13.1805231772368
14.2025629489888 9.09639035527497
9.39998519852492 13.9857455835414
12.399226081658 8.55267243833947
8.79855401779731 9.71811389328988
9.89292972332872 10.0897665734653
9.56714660547292 9.1776647126813
5.25586499081377 7.22192211751761
8.50268486004892 5.26077434383377
3.0817575583143 8.99434221997464
6.2622676474828 7.270932235527
7.13397165913887 4.95852602411481
6.61084856340267 8.29922199226962
3.33424941963391 10.7464153002707
9.06445524297804 13.1431815367263
12.0376171815989 13.7549591132917
6.39584807485191 2.91972328517161
9.18729111331468 10.6364706045967
12.566159528939 11.8205661335739
7.12527548182228 10.38573319822
10.59204017705 6.87166811456626
8.6346468177198 6.13810644098307
7.2176004490787 7.44289695680432
12.5705801883869 12.9769066792287
10.2084143682947 8.53840826832439
6.73734058572014 11.2822385946372
8.83509155672492 7.17262123214638
5.28411828770083 10.8636106648011
4.33796744903455 10.8264673459472
8.76059381859394 11.3852728468664
4.89353605518507 6.31840682265271
13.2542841149491 10.992129888853
10.9022868879184 11.4998973690588
8.17021419211208 7.73623331821446
11.203865399286 14.460198973687
8.05009581469549 13.1240749781846
7.82937889841089 3.66942244954353
12.1922764914171 6.8006530979706
6.04613083993821 9.19722536863999
3.23922210872895 7.14058776197006
11.0856663513433 13.4507192779759
3.65323107547628 8.09049269489841
13.7388555123603 7.26377659823755
7.36590378029944 12.2301589117205
14.064916454354 10.7783624580635
11.7852043521455 5.31750421673723
12.612156555063 10.6459087173152
8.11744771789601 10.4800046472228
4.71734688218388 8.18775897287813
13.2130217530867 12.0468893160395
10.343965367744 5.92477934513879
6.82980575040268 9.35105751906916
8.5053823481311 8.76451138281153
13.4529042248168 9.8791157677443
3.79969106408689 11.7104929250997
11.3912648018089 6.19441078785536
9.18270777467918 8.20241359984599
14.0702393086149 11.7639128950875
10.2631324233054 14.1913269767749
8.26823439104946 13.7105801265885
5.15903545578008 9.1347728727043
9.81720555744943 7.52394770618789
9.93159895410872 11.2258559835081
7.72302955311153 11.3410876146753
4.27966982972853 7.27265166233328
11.4512351538913 4.57173482584806
3.69004273221817 9.89565594244145
12.5435146073707 9.64447159328375
8.3850499757094 12.2415972911014
10.661096322658 9.47356827532288
4.11045731352642 8.99665975282476
10.6764795205639 10.4762684085509
14.6860358698294 8.52602741758097
13.0156127003472 6.90072522163861
7.85817959292851 6.67509805077646
12.7148240799587 7.85750048153738
13.7243933824646 8.04042449442288
10.8022495107254 5.2234229008078
6.10051836537402 10.7657557881367
10.9701052944456 12.4403817243394
13.2635511459234 8.84562373331579
7.75960385332798 9.51095907141967
12.5132460212479 5.94487683617386
6.94193523980629 4.26507670447856
3.8409663455815 12.4865249433542
6.6595467116587 3.63660023561882
5.75494261513871 11.8205518244789
10.013365885973 12.1848090998031
9.60648173897486 6.49809322525712
4.68647219743188 9.93883211092929
7.51718707382033 8.50251786997194
5.84119107531441 6.32584972035722
7.41226204335669 2.94567853632169
6.86860621785649 6.41456106339653
4.78608113296386 11.8121160857035
5.67653229329528 8.16695610636656
7.62092820697006 5.67000866407101
4.02059743804449 6.36232886990451
