200   0.41658276807228
5.16198045273269 7.92047250023098
13.4324544583435 10.8582346078908
7.35440008496057 5.82376693419558
4.44391038689479 7.72281016944449
6.2120766250548 2.90276402363438
10.5746534073779 12.4585382849863
10.4926985855598 6.436946562491
13.1115341601927 12.2562695665946
4.01787473130199 10.0052175935162
6.28413386288689 6.87932147324732
9.6141304928598 8.12535741550995
7.02775246760864 5.13825484730703
8.63459926915011 9.0231679756185
4.64157054896143 6.02264528726318
7.95325966173821 8.73485157067967
9.28462110942403 14.0798324840861
3.37316908213015 10.0830885019736
13.8519317756749 7.64267332008383
3.83903810529879 10.6505304425126
7.40588779875726 9.18660832881322
10.0306034660086 12.8963972331303
8.08438303750366 9.44958520056993
4.20545493687243 9.48007762426381
9.87121301504228 6.23019529133929
11.5061256239163 14.2251602986723
8.30371257689512 4.73828513542609
4.31891251435356 7.02921647205992
10.8544908128377 13.9549187757766
13.795113065662 7.0328520011528
8.5714329091886 6.467528962216
5.39137128224779 6.16453232463534
10.5403676656306 7.06650528403171
11.5491919595201 5.9729291451906
4.00544277947504 8.87338016320794
8.72039887581913 7.1590666209194
13.2651360309084 9.51313683484433
7.83654306044102 12.6773318018961
6.80692359203156 6.31486928294097
7.01770617861178 11.1045082532348
3.59941609005714 12.5414263740537
8.35122453205908 10.8860136434613
9.13177996250296 8.60945688275166
5.74324534037541 7.42665567665202
7.55826416204689 4.57776639474732
6.29695021137728 11.3614910452559
9.97444109737755 7.60712332758937
10.4346425564511 8.92396364399645
13.1530181367131 6.88019384124884
13.9004073401934 9.2604114551734
6.86686467923001 9.63796774936231
4.96606203349861 11.2154304803648
9.00386133654145 12.9147148207457
8.94949675923598 7.88076359437395
11.1097611402265 14.6570416246432
9.04066164078061 11.1308308610762
8.27740497616927 13.6686502170602
12.2609104053147 8.67524324378523
8.89104858456771 10.4243003692277
7.252168517257 12.4022331327724
3.3709911884803 8.6969222615451
6.08508016482374 6.25225599115745
13.8789401666165 10.4735570164382
3.58091197012015 11.283803450513
7.75408082389736 8.01754153412417
5.62963128026619 11.2699869732995
10.6458798412526 10.0386410950104
4.75960676538378 8.97722897385886
11.9540993801784 6.45850568253081
7.55475207398735 7.30332267475754
7.84767577409385 3.43414433208067
3.61095968479149 6.77323098960473
10.6837689673323 13.1958174195569
9.79504398565725 8.86634841642872
12.6918425577409 7.5304859914569
11.3698221727024 5.2952640299669
8.72079790344597 9.73462182588603
11.1490715978381 6.5241666817747
13.4024899079574 10.0307179760857
8.42888902389868 13.0330172104646
6.92049474737252 2.81093610103898
9.34691544374292 7.38068620050324
14.1939220228445 11.8987997399234
12.3213979474349 12.3401953486369
12.6161648505896 12.8224475453424
6.41862191906985 7.56301709051447
9.87529413049514 6.92822730549981
10.6451703502428 5.15723979465526
8.44923588103019 8.29387302031556
8.00683883935857 6.08109263306129
14.2106946975265 8.22638063144151
4.82269703794698 6.64138149963482
3.64591507748002 11.8746716854954
11.1001810422844 4.62328703603453
14.8982431873385 8.52089336178979
5.01419424875662 7.29137066614858
6.44779664904467 10.6907743647266
4.13908041524376 12.0726033022089
6.56601848901459 8.24248430448923
7.08360898613203 3.42898441531169
6.41147898002501 3.43947707505131
2.87503708071095 9.12048040076843
9.58573770204049 13.3848354847984
4.24469029683551 11.3303358895537
8.11705129298172 5.52351860386846
12.7057642000763 11.0442395163917
4.96570604511382 9.57379690568266
11.1050076442959 12.0365816719503
5.40982961690484 11.8872454998612
3.46653560032852 9.4183635154268
13.9818511787036 11.2834415231802
4.48021695825185 10.6690921152338
10.2217563242264 5.70420394954648
6.71303287944038 8.93228688193846
4.69843834792994 10.0843773849526
12.6172558070922 9.77065363024989
9.73170223353364 11.4441188417073
7.64213776750876 10.6513026397194
3.94767195111502 8.17157178566528
8.02122438729734 6.85804214121815
12.6762856212154 5.75864174694289
10.4227360367599 11.7375449019882
11.2241892797377 12.7306735538278
12.9634766610663 10.3634526703519
6.18695759930996 9.44544175763185
3.74839667303867 7.45541277170833
5.55694172737729 6.80452972685859
6.60468003342752 4.00602860800428
7.26085134596854 8.48382624431551
3.1451782501591 10.771483434578
11.7390832226169 4.60740241534634
8.42303181226877 11.5582078936319
12.7552458600782 6.3819796137298
12.6787610975834 9.0533829828543
12.6166492148857 11.7661421994734
7.86951203801109 11.9731803157054
8.09155475025214 4.09661628895202
13.2092793658863 7.5659763498881
6.02267065257516 8.75011780339771
8.49086231117282 12.3139039535182
12.3217862717164 10.369389928162
9.81146796700099 14.1568997783086
7.54582081898831 9.90434328493539
4.59862958929226 8.38844200792587
9.43335565758976 10.0227403613782
7.06805229782083 10.3701514853371
8.71608215032252 5.25174493087386
6.82028285410558 4.53828610016748
7.05897202915904 7.76976668999727
8.1832022488557 10.1971719424718
5.95235903332729 11.974638625225
8.9516205939858 13.641157363291
12.5015607984275 13.345354449432
5.31816875013589 8.58446528270782
11.9897954036435 5.30117274859082
10.2094537097672 13.6500679243701
11.956238332149 13.7081167079767
10.2708309055306 8.3522114354731
7.37130377967122 3.98642683807066
10.2591860883294 11.0231293558657
5.49202521943187 9.24774437204118
14.108084913882 8.72554448964508
7.7757815595156 13.3972870247867
13.2711295025121 11.5127212085676
13.6599070198729 11.9898007574636
12.3559237563105 7.93377898009296
12.9056932043155 8.28946147727321
4.76609819551007 11.8613891130951
3.36902798080094 7.95628779400802
3.04735071372907 7.2448254968908
7.16833744713458 11.7412222131374
5.8715070020594 8.07923933478543
7.70176880183783 5.19083532558634
10.8565680226198 5.81695896430254
12.4593966259504 6.93327011940895
11.3252064173288 13.4730622314491
14.4898093774326 9.11928270287903
10.0818524835919 10.2913001895264
10.7444540553626 9.45203814349404
5.22472597367727 10.5871982702085
8.7667148823257 5.95488912447351
10.011279699502 9.56836741620785
9.58206234672273 10.733284545404
9.23251293884172 6.63262372563476
7.73014344737963 11.2857566682688
14.3468910745287 10.8796319457761
9.30517447927089 9.3483340146207
13.4769595074019 8.28078348307655
7.45507710414299 6.55287625583302
13.3169271252175 8.78923538053854
11.8564006740307 12.9649445517669
10.3943668019418 14.4110840285355
10.9448865824535 11.4053547453824
4.08681790062607 6.35493789246708
6.9235607558117 7.03063582494435
10.7545797670006 10.6844604337721
5.88619502805707 10.6711343875907
8.25273786388008 7.57752591696886
12.1779122748421 5.94645216141159
7.58494307772188 2.86601359157856
9.9152108727412 12.1635438101166
