50   0.87620529324348
6.90713845963475 4.69214581079
10.8615659913501 14.2712988600964
10.9049875589952 11.565773813726
4.78151663490373 10.8748207852659
7.52240398364424 6.24682768839824
7.73887071879234 9.02019013185003
12.538903059421 12.6626487662692
13.7875578977391 11.6654105046683
11.8023513075765 13.487562040595
14.4436254258845 8.61153826069972
13.4491584214382 7.34694204106762
6.30923907995948 9.08739956268976
6.58279014190339 3.21003545159787
3.79723773044722 12.1265031303121
5.3660137910562 8.01988949475485
11.4651874945912 4.97735349418353
4.70631386979479 9.34640562356913
9.62603637531118 13.7574712753074
10.25449705167 10.0295359518549
13.7972431138474 10.5683937646939
7.31818063460955 11.9692036692463
8.95578961092297 6.18446937645522
3.35249592929016 9.08415253824554
6.91111691766731 7.67708575567136
3.53772026017171 10.5312830197046
10.4173618860374 8.84097112893625
8.88890529008175 10.1391012988973
12.6627597570444 11.0514397157228
12.3313739773368 7.92842390220556
7.44225502600332 10.3412438751535
8.15355930179361 4.83912978611404
8.35776694271232 13.1919472103392
13.5335324890688 8.97575189643129
6.2213851881466 10.8866652462125
9.83049668794433 7.28449542664343
5.99158430853019 6.60747130363453
8.32646179835416 7.59203220549183
8.47976119492348 11.5601960286508
12.517903304496 9.49644412575723
3.37379945069287 6.6793638252961
11.1027830181543 6.51752689620908
10.2007370655192 5.62809338173247
9.69364829189345 11.5016464672396
4.71299800978122 6.49613165292024
5.45305469579762 11.7415184502606
12.4252457462135 6.24076877787593
7.73136397584812 3.29173906903936
10.5569146128849 12.6210420928352
4.02955652624114 7.82475121650621
9.19864578552651 8.7277475639262
