C 101
0.000000 0.000000
0.249346 0.031500
0.486863 0.125005
0.701035 0.277559
0.880960 0.484312
1.016641 0.738633
1.099259 1.032273
1.121415 1.355558
1.077344 1.697622
0.963090 2.046671
0.776644 2.390266
0.518035 2.715633
0.189372 3.009978
-0.205153 3.260809
-0.659317 3.456260
-1.164967 3.585399
-1.712160 3.638525
-2.289355 3.607447
-2.883638 3.485720
-3.480986 3.268864
-4.066563 2.954531
-4.625038 2.542636
-5.140923 2.035435
-5.598924 1.437559
-5.984295 0.755992
-6.283185 -0.000000
-6.482986 -0.818992
-6.572650 -1.687570
-6.542993 -2.590554
-6.386957 -3.511259
-6.099844 -4.431796
-5.679504 -5.333409
-5.126468 -6.196835
-4.444043 -7.002691
-3.638340 -7.731867
-2.718255 -8.365930
-1.695386 -8.887526
-0.583896 -9.280765
0.599677 -9.531596
1.836668 -9.628153
3.106578 -9.561063
4.387410 -9.323722
5.656054 -8.912516
6.888691 -8.326997
8.061231 -7.570000
9.149767 -6.647695
10.131035 -5.569584
10.982881 -4.348430
11.684712 -3.000124
12.217935 -1.543484
12.566371 0.000000
6.283185 0.000000
6.108968 -0.771742
5.842356 -1.500062
5.491440 -2.174215
5.065517 -2.784792
4.574883 -3.323847
4.030616 -3.785000
3.444346 -4.163499
2.828027 -4.456258
2.193705 -4.661861
1.553289 -4.780531
0.918334 -4.814076
0.299839 -4.765798
-0.291948 -4.640382
-0.847693 -4.443763
-1.359128 -4.182965
-1.819170 -3.865933
-2.222021 -3.501345
-2.563234 -3.098418
-2.839752 -2.666705
-3.049922 -2.215898
-3.193478 -1.755630
-3.271496 -1.295277
-3.286325 -0.843785
-3.241493 -0.409496
-3.141593 -0.000000
-2.992147 0.377996
-2.799462 0.718780
-2.570462 1.017718
-2.312519 1.271318
-2.033281 1.477265
-1.740493 1.634432
-1.441819 1.742860
-1.144678 1.803723
-0.856080 1.819263
-0.582483 1.792699
-0.329658 1.728130
-0.102576 1.630405
0.094686 1.504989
0.259017 1.357816
0.388322 1.195133
0.481545 1.023335
0.538672 0.848811
0.560707 0.677779
0.549629 0.516136
0.508320 0.369316
0.440480 0.242156
0.350517 0.138780
0.243431 0.062503
0.124673 0.015750
H 5
3.500000 -7.000000
2.463525 -5.573415
0.786475 -6.118322
0.786475 -7.881678
2.463525 -8.426585
H 8
10.200000 -3.000000
9.702082 -1.797918
8.500000 -1.300000
7.297918 -1.797918
6.800000 -3.000000
7.297918 -4.202082
8.500000 -4.700000
9.702082 -4.202082