C 14
0.000000 0.000000
20.000000 0.000000
20.000000 10.000000
60.000000 50.000000
90.000000 50.000000
130.000000 10.000000
130.000000 0.000000
150.000000 0.000000
150.000000 130.000000
130.000000 150.000000
120.000000 150.000000
80.000000 120.000000
90.000000 150.000000
0.000000 150.000000
H 4
90.000000 100.000000
110.000000 70.000000
130.000000 100.000000
110.000000 130.000000
H 6
20.000000 120.000000
35.000000 100.000000
20.000000 80.000000
70.000000 80.000000
45.000000 100.000000
70.000000 120.000000