C 202 
15.940000 3.240000 
15.919305 3.614413 
16.193941 4.005661 
16.350759 4.319297 
16.288031 4.674752 
16.131213 4.988388 
15.974395 5.417024 
15.692123 5.730660 
15.378486 6.002478 
15.012578 6.253387 
14.510760 6.399751 
14.186669 6.525205 
13.873033 6.650660 
13.465306 6.682023 
13.068033 6.713387 
12.764852 6.776114 
12.618488 6.974750 
12.555761 7.277932 
12.493034 7.622932 
12.398943 8.009750 
12.357124 8.302477 
12.231670 8.480204 
11.928488 8.584749 
11.677579 8.720658 
11.353374 8.853727 
11.000000 9.000000 
10.581220 9.247089 
10.173290 9.451054 
9.794497 9.713295 
9.386567 9.902691 
9.051481 10.252346 
8.658120 10.587431 
8.323034 10.922517 
8.031656 11.213896 
7.740277 11.548981 
7.478036 11.854929 
7.157519 12.146308 
6.953554 12.393980 
6.705882 12.641652 
6.443641 12.816479 
6.181400 13.005875 
5.846315 13.020444 
5.788039 12.787341 
5.890022 12.525100 
6.166831 12.350273 
6.356228 12.117170 
6.603900 11.927774 
6.968123 11.680102 
7.157519 11.461568 
7.376053 11.272171 
6.837003 11.257602 
6.429072 11.374154 
6.064849 11.417861 
5.569505 11.461568 
4.666231 11.476137 
3.282181 11.476137 
2.859682 11.417861 
3.034509 11.126482 
3.311319 10.907948 
3.690112 10.791396 
4.170887 10.674845 
4.535110 10.558293 
5.103299 10.543724 
5.686056 10.500018 
6.370797 10.543724 
6.938985 10.500018 
6.472779 10.281484 
5.992004 10.266915 
5.438384 10.208639 
4.695369 10.179501 
4.000000 10.000000 
3.515284 9.844415 
3.981491 9.771571 
4.695369 9.757002 
5.292695 9.786140 
5.744332 9.727864 
6.195969 9.698726 
6.880709 9.815277 
7.463467 9.917260 
8.000000 10.000000 
7.463467 9.684157 
6.924416 9.553037 
6.297952 9.407347 
5.802608 9.305365 
5.307264 9.043124 
5.758901 8.853727 
6.531055 9.072262 
7.492605 9.276227 
7.000000 9.000000 
6.531055 8.824590 
6.341659 8.489504 
6.807865 8.445797 
7.376053 8.722607 
8.000000 9.000000 
8.468724 9.086831 
7.987949 8.722607 
7.580019 8.474935 
7.157519 8.052436 
7.550881 8.067005 
8.177345 8.300108 
8.701827 8.547780 
8.468724 8.183556 
8.000000 8.000000 
7.769415 7.615368 
8.235621 7.615368 
8.701827 7.935884 
9.226309 8.096143 
8.745534 7.702781 
8.352172 7.382265 
8.191914 7.018041 
8.454155 7.003472 
8.832947 7.192868 
9.211740 7.513385 
9.500000 7.500000 
9.221214 7.317500 
8.888365 7.058618 
8.629483 6.882948 
8.564763 6.679540 
8.953086 6.688786 
9.285934 6.864456 
9.729732 7.030880 
9.322917 6.679540 
9.239705 6.457641 
9.692749 6.365183 
10.118055 6.429904 
9.613350 5.934138 
9.160038 5.586763 
8.755830 5.306927 
8.367169 4.887172 
8.040693 4.576243 
7.636485 4.249768 
7.000000 4.000000 
6.454954 3.643456 
6.128479 3.332526 
6.000000 3.000000 
6.237304 2.726214 
6.828069 3.130422 
7.387742 3.379166 
7.838589 3.798920 
7.598411 3.327855 
7.274977 3.044850 
7.103152 2.852811 
6.991971 2.600127 
7.194118 2.509161 
7.608519 2.761845 
8.000000 3.000000 
8.336247 3.186353 
8.609145 3.550216 
8.619252 3.287426 
8.457535 3.024635 
8.326139 2.852811 
8.204851 2.600127 
8.144207 2.428303 
8.037979 2.213219 
8.093240 2.034222 
8.417004 2.236574 
8.651733 2.422739 
8.821710 2.714127 
9.000000 3.000000 
9.185944 3.402125 
9.404485 3.742078 
9.582555 3.677325 
9.517802 3.434502 
9.388297 3.288808 
9.274979 3.029797 
9.137380 2.738409 
8.935027 2.422739 
8.902651 2.082787 
8.967403 1.815681 
9.347826 2.090881 
9.647308 2.438927 
9.922508 2.843632 
10.165331 3.248337 
10.335307 3.588290 
10.238178 3.110738 
10.108672 2.762691 
10.000000 2.500000 
9.906319 2.244669 
9.857755 1.977563 
9.882037 1.645705 
10.000000 1.500000 
10.500000 2.000000 
10.796671 2.584621 
11.063776 3.232149 
11.193282 3.661137 
11.217564 3.952524 
11.428011 4.025371 
11.703210 3.968713 
11.994598 3.936336 
12.188857 3.839207 
12.601656 3.750172 
12.957796 3.928242 
13.305843 4.114406 
13.621513 4.243912 
14.058594 4.421982 
14.487582 4.357230 
14.730405 4.098218 
15.005605 3.895866 
15.240334 3.653043 
15.515533 3.394031 
15.677415 3.207867 
15.839297 3.029797 
H 5
15.475063 4.624335 
15.353651 4.462453 
15.386027 4.308665 
15.588380 4.276289 
15.685509 4.502923 
H 16
14.018124 4.899535 
14.107159 5.223299 
14.099065 5.603722 
13.985748 5.895109 
13.637701 6.016521 
13.322031 6.113650 
13.038737 6.121744 
12.933514 5.919392 
12.925420 5.700851 
13.000000 5.500000 
13.265372 5.360898 
13.516290 5.377087 
13.581042 5.239487 
13.500000 5.000000 
13.556760 4.826688 
13.815771 4.826688 
H 25
11.970316 4.664806 
11.978410 4.907629 
11.897469 5.126169 
11.687022 5.085699 
11.428011 5.142358 
11.233752 5.255675 
11.031400 5.296146 
10.885706 5.158546 
10.804765 5.061417 
10.626695 4.988570 
10.489095 5.101887 
10.335307 5.263769 
10.108672 5.223299 
9.954884 5.069511 
9.809190 4.972381 
9.647308 4.883346 
9.550179 4.761935 
9.760626 4.632429 
10.000000 4.500000 
10.238178 4.438171 
10.500000 4.500000 
10.845235 4.470547 
11.055682 4.405794 
11.314693 4.624335 
11.662740 4.648617 