100   0.871958681759721
22.0304294465306 15.779322482292
9.44313923498442 15.7063744248435
7.82991432357739 3.12346512034215
14.5187833795752 13.9440982481306
9.24627780074718 17.2947259858597
21.1711722308903 16.5773721060367
20.5941636447667 15.0440689766809
18.6778626058085 17.2479207156625
19.6862458937989 6.7564683363684
18.2531920506523 7.66159985893156
19.5034069036433 13.8462576505524
22.0248654243674 8.60944128665178
7.62861658149857 9.99081188667721
10.5580386388839 4.98723442065745
16.8049712395821 7.71081701915629
4.96598592125865 5.40183759993082
5.4405185344167 9.12292701238088
15.2783697380226 9.74423928909244
3.66502024021749 11.2805458130263
16.5555249122151 6.53248661884684
8.16366481263623 16.21489298344
17.6244350732148 16.9223170375364
19.6212932949024 12.4784650390525
20.122739262403 11.40749273626
14.022354252503 7.18949473545411
7.99871020969778 14.8378815814195
21.0735441211653 7.61165216419475
11.7981103004361 12.359034813072
15.4859960806119 11.2720503533341
11.169616259721 6.50729691553006
4.74052136850581 6.70432368255005
12.9474194697135 11.2483630620782
21.0690141430052 10.5087562929613
6.7037128473809 15.4064504629448
9.13088010019961 12.9005761940329
10.7834862778799 14.7307226329753
11.4056835189051 16.6853177794105
15.1491005981359 15.4143735543092
6.6020123140618 13.9737103090424
15.8119822963302 8.45975446408553
18.6185627367278 11.1168811765457
14.1811884543511 10.9160400909665
2.76296431102441 12.6492068989859
21.9510806649912 14.3946205529522
6.92303368851881 8.69666040802273
18.0896619308608 6.62738107453024
9.27010734297076 2.84587728737764
11.9765585043923 5.38704324189737
6.27226531815946 10.1723629108613
15.5246435758264 12.8512245802612
14.2968989952342 12.3078435634769
4.16387384063222 8.75346956484277
11.6508496839447 7.91107099237902
4.23281048484176 12.5365186085998
6.55657221426329 3.36922446237883
19.4868149605248 10.0336403882338
9.05412582255902 9.58878436331344
10.4785204545783 13.2566295880907
7.65534576282552 4.39327130682541
5.60209406324799 7.80688766650401
2.32951085293192 11.2045701024394
3.71543668218735 13.9101258467417
20.0301738352181 17.0793840598754
5.23564895466894 4.02794408598221
20.6437572444529 9.17975127949869
15.2416253310762 7.07579097551218
16.5554278810952 15.8903157918875
6.25422092356359 6.38057829062113
9.13775535258317 4.1632852070762
12.1214483319754 15.3059618592717
8.00905734799081 13.4835623696321
3.06864329934815 9.8400689779033
18.4885103327609 12.6650394731643
11.7122665147127 3.92676025890977
10.3765629866858 17.0785364531296
8.27375408251971 8.4775366775483
9.39036374174917 14.4069004382919
7.13385892690065 7.40257675684112
22.155525224524 9.8917988222211
12.8490335627875 16.447251621903
13.7181219060559 15.1704376506768
6.67345871544132 16.6268412611877
7.79986098682167 17.6375044749725
14.4502817759593 8.50470276962426
14.2525569744681 16.6349860302815
10.6702379726274 11.6884516708294
4.56174956965708 10.1561368650613
11.9157046652812 13.7498458594814
15.2584787704033 16.8342135349316
10.1429410018972 10.2192540785805
12.8813754444925 8.20638717730132
6.35063661506328 4.95028883628625
15.9485451769072 14.3485517277065
16.4375800375802 17.4462819185718
12.6360148999086 6.69704642226917
20.8820991949241 13.5901139254925
19.8169292343955 7.84742251955322
5.13521952974361 13.8694563067377
10.4178975573242 3.55846534322839
11.6442516846824 10.8289645749395
