200   0.60378913229927
10.5201072118278 10.2911463001421
15.9152758498183 12.4168928730887
9.19474135421397 12.7103809122784
6.80479814405399 16.5694935420272
12.7485131567927 6.44460373936644
3.99354433509987 13.787581199543
20.5127463919497 16.9452435764123
15.7918121445168 7.62111720140236
7.36854124457122 14.5775367365847
6.57209330656922 13.8716137058622
15.7742425824773 8.65467116354531
11.9532732361051 4.87953861490283
11.8706536044143 6.63298196762592
2.36174429129986 10.9763952710766
7.75872928894272 9.92852090656305
18.9435876407196 13.5799108819617
12.20292775485 5.54699725165697
11.8280604367532 15.8673490762277
8.85950440767753 8.90664768635012
21.1721230363047 8.7383266349548
8.77683556525819 9.84289353668041
12.080901860426 8.48284504182011
9.91443794589192 16.6345098339629
6.95054101704162 10.2391078610652
18.5099667353647 7.5826722461771
10.5462418374007 11.3041610144511
16.2582212050193 15.4153098213506
20.8652296924431 14.2271004269373
5.45791999106868 5.39012404201507
7.46408323414522 13.5561285441951
4.97435014059703 9.53880665318417
12.6408074341792 16.4164740123943
4.57273807837992 5.06831411513511
10.9126005632033 6.77073837111792
16.6920154188168 8.2341334015978
20.1821797986319 9.24837449941572
6.09405668933744 4.53373902084933
14.2027050393951 7.09008195943547
3.96928236504711 12.0414302620869
3.43285765602133 9.30644930367214
9.96173109895514 3.83142519236955
5.83882068044626 3.67319475715115
10.1522319032841 15.1282094136984
3.41748054185169 10.7272950076633
7.92118323876433 4.44908588863579
17.6117383755057 7.75980186128943
8.56497866863627 15.6540071135911
2.35372096634267 12.0419364258196
12.430512067585 11.8549845992329
8.33648405154049 14.0661808807627
8.94713317271822 4.35862388313253
16.0077548089689 17.4100371627984
4.87988183498146 13.2028847633093
4.76887940746638 5.99101191461774
9.80083438878059 2.82946755612021
16.8479588589376 16.0647410434825
5.23538620760612 4.27719189495605
7.87832979335222 16.4240459233986
19.4247901587404 6.8789169870138
6.7399979803452 6.55579291888633
16.7992637787217 7.26932046392589
20.3403785224287 8.2274507934032
10.8537307249749 12.3732321703242
9.75512398849357 9.55535880369118
8.02011732556568 3.62584328677494
11.773087479686 3.84891312270164
7.27668136165276 17.356436830066
6.98622028271546 4.82145693654842
22.2391342381638 9.13222594772123
9.77583054993398 17.4309204215045
2.95240267999498 12.6291884901688
15.3706517601917 15.3061002645302
11.2638602362832 5.85105969481651
5.79214553736087 9.08809025338249
19.60446899147 12.8621977639891
6.94387638302253 3.86125581606614
6.64241140393397 3.02379117531845
20.2745171393899 14.9507201785873
21.2473607451053 9.5881660801423
12.3894012312217 10.9674962539835
22.3256835876094 15.2152908993028
14.0949001461681 14.2153909905224
15.0276447710685 12.597160538915
11.0438104962834 13.4220537893097
21.9729696023601 16.1045218031668
5.71901013997168 13.9240034749001
4.24648217530661 8.87988948080195
13.6527936180425 16.0850731517645
6.32712499223675 15.8334749916161
13.421604872503 10.5263057934489
8.83880086082264 17.5863563748037
14.469385733353 11.6346146773482
10.0813422481252 13.0845069426436
10.979251397795 4.2745130002104
8.97631769105304 3.49238326705129
15.6421495501977 13.460337988854
16.0056848903884 14.3710630308228
18.730216824787 10.7253684545768
11.885218728773 14.1726107100916
6.31376507800377 7.41833850690964
8.6989724413253 2.66153240406055
9.67009454731201 10.5258507888452
10.1393594862038 14.0726637563473
6.86678860701218 9.19071801013757
18.6636110218379 12.5888813895329
21.477043658255 10.5498930557913
20.4260485678406 13.3007140593787
11.8288642699254 12.7878208755292
13.422034760313 11.3763763922841
8.873704308984 16.6657037441284
13.4004818143938 7.35741800993007
5.69029425944921 6.50135123233941
11.4643760431908 10.7567894235571
12.2016845159942 13.5958939306771
6.04986822198374 9.95658060440346
19.6624619237567 10.9139119636534
14.0560968243319 8.19991061202078
14.7674808374459 9.80457547252663
15.3157681465083 11.5167253890748
3.23364725356568 11.6308122452964
9.18666135470038 13.7519043245403
10.9501262998554 16.4976718455624
4.81658655279355 14.2556587071232
19.9729663426927 11.8175843563897
17.0854836575165 17.5126802589739
15.4385707895193 10.611043213739
14.3487473579102 15.2585044345372
10.8081988532755 3.2818940818445
16.7104026409798 16.8604547088436
7.08712336881579 8.28310563817968
10.7520939010579 17.4011961336606
15.9088288382347 6.65075032550667
19.7655666143988 14.0204132243127
14.7705295881459 8.81650653606057
20.9197400227088 15.8987067123335
4.03960556138979 9.97235237750769
14.4207832972972 10.7988512864401
17.771394083616 6.7200942240559
13.1059514581526 8.40463173846047
15.6698382879262 9.55235242863202
6.3158010521626 5.63399318762917
8.25182384783264 14.9264369759405
14.9172219897752 7.89184860147193
4.91243113737437 10.1933349241153
21.2516140549032 7.66144584898092
2.86111987822838 10.0851043768215
21.4002174269421 13.3887694866727
21.3332869731093 15.1494282146036
18.953139935406 16.6927880003968
14.3626696921 12.674658780249
7.31987007255758 7.39256187144469
18.1373402616364 17.3701623130829
6.09342764998586 8.32595216232012
3.2278607089718 13.3846333996095
12.6623273401231 15.5242624075141
21.3893807648481 16.8771057814943
7.66236405386056 2.94507402199727
15.0672781238856 17.1435644172555
9.26949867185986 14.7607047497522
22.0851813961624 8.22644171651862
7.41489018183824 15.6385942801728
15.734757134397 16.3403567454442
10.940993038763 5.16644538888777
11.0043692401654 14.4730073165574
14.5880741018598 13.5185486549147
8.02067058814677 17.3906364272399
20.4215873406493 10.1688800824045
7.90448573150782 9.06357160423086
6.51718696274909 14.9811508581001
9.50915397966184 15.7535394050066
20.7466741097463 11.077291844585
17.7957378570621 16.5961182252972
15.0163225587324 14.3749069244717
19.1900109918526 11.7842973327659
5.07032143465526 8.38810865931746
11.5129677762762 7.65894876246853
18.5200490752263 6.59049597663476
4.65999752780417 6.93187046481282
11.7553791562744 16.9676855521731
21.9333782440931 14.3123202279812
5.33803389257687 7.47787838057935
12.464254964299 7.53329867320074
19.9565387579548 17.0365611398314
20.3774027765259 7.17894539944308
22.267867743265 10.0317228999412
18.246564060764 11.5721214919604
11.5286881850981 11.7413333345884
19.362035391201 9.97075394761441
13.399183201683 15.0423662707934
19.2142411961418 17.6141401781817
14.7472009788367 16.1150912384209
14.0924030543799 16.9500688638385
19.4715480323356 7.82736730128465
8.3538590616346 12.9944678235167
14.9738718389345 6.83746917019237
4.0916722814579 12.6809884158857
9.95772762653758 4.70712411298186
16.9603910189291 6.34438638237968
8.1098262472937 8.13688347421691
4.27249111657902 11.0675298187772
