50   1.28324108812841
11.1565084825129 4.4437520503011
7.08732681802132 5.23167004406783
6.03682373057365 14.3489261917208
13.4375577933424 7.92609778799001
13.7620684658431 14.9890197172075
11.8661909556376 5.94191150073632
19.8159423578537 9.13334907768538
11.537982907925 14.0057991799485
10.2378194575598 17.1260040031544
18.9770684751053 17.1388747666544
22.1304135535926 9.06557952079389
21.0088813121529 16.5544112777086
15.0369356932201 13.0183786450841
12.3153305120736 16.3668132533789
11.6473526484416 7.73233396135931
9.95227131357367 3.70771404342943
7.19918117373169 16.1055802836825
15.5278481949401 9.06673409719983
15.9364326671139 14.9448085618624
8.67487652297015 3.51760284115863
19.1518100568709 13.1442759415882
19.1023724503534 11.2958926984137
14.6952544234208 16.9203518228256
17.0268104194088 7.31436256004349
10.4535041000465 10.4795095051744
12.8571051281916 11.0563510486139
6.67943197362971 3.11555580528019
2.95708613281022 9.75330750955618
7.95505474242757 14.0405957753377
6.62325390587737 9.87523516882811
20.7447267760253 14.1559484429559
8.1260508597611 17.1890079273429
2.70518818410696 11.9748918206348
8.57379043523987 9.25221810749912
5.33931236041628 6.49353382007695
4.0225020623166 13.3835232451659
16.8163286422078 16.9545772971854
15.1640059963907 6.87524880445747
21.1946126125517 10.9194526019296
15.0142777664007 11.0917998677318
22.1182078681013 15.0395477720886
20.7170139790429 7.61374806438272
4.99231507917191 8.70689994717987
4.96806193726136 4.6677811469222
4.5452105658527 10.947764014692
7.06576686583792 7.63075301498383
18.6130397655642 6.93991091246422
9.2075100687488 13.4479755613374
9.47657181597088 15.1856211287846
11.3876535815432 12.3731768179295
