100   8.42712167483216
97.412353688203 46.9129826841127
17.9234144234566 111.386107337777
133.342127535839 32.5090121777554
3.224912897906 76.0667412723195
136.302270802507 5.5944347680807
2.5984640262979 108.376130753544
146.534230597939 71.4264852944762
28.0510172951472 103.280854666895
134.029630492779 136.281689239596
133.954047833142 48.2244889948463
134.179091444635 93.3797735308679
4.96886345850455 49.0537832428818
22.4722746818037 123.863939730604
143.630078400836 45.0079991279927
37.6719175053586 147.315279095554
12.572922903169 98.5193876396639
134.167037737921 78.0113795238192
83.3560497480054 122.964682914249
53.1401663374563 123.644467970008
78.4593006292717 110.547199105404
132.756136392044 122.877073515938
83.1093234107248 145.148716105575
122.290080364285 85.9522110129307
119.59924883104 27.0220203278543
68.7264125053193 122.684989405136
122.253511925134 41.4875346525668
72.8417188774329 55.4628660719241
53.1490313814422 146.136060307798
46.729953705698 135.171559076393
146.302273118432 7.57252876780694
58.8113694143172 53.6122082901431
31.4959243589268 63.4693129649108
17.2135936436397 68.3559937811837
7.05186318368631 121.006485797133
61.6050645791073 66.1611374925802
16.5064761534738 30.6387559617091
7.42839284907677 146.020633301232
132.782893895597 108.297386338396
16.0982503021682 133.680731363311
27.2693898152065 77.712796719285
29.6500496381662 26.9046847723191
77.5957524718369 134.862246820644
120.572827540894 72.4032875520142
87.4211889124991 71.3822779092418
127.011392218891 143.834288358764
20.3060421160537 16.800896193533
109.75857978946 65.2207105667104
34.2986863890634 51.1823059310577
73.4201639047333 95.8186893920722
145.758818340432 129.951868700259
47.3789111903251 46.6582722895465
37.7516092165315 123.213774209729
116.436617407023 143.09451351948
110.572620692527 51.0482044260165
4.43055979098426 7.16843913026969
75.2610310601099 69.340408066116
13.2186384822838 82.8200777704306
60.8967018082881 93.1734512510508
146.017714302366 86.5347728673369
144.772571613826 57.1351568717801
1.70122682441584 92.106007188122
41.3045048509375 74.0067643684294
31.6425473220238 135.391072080552
46.4646998302488 60.8530755833733
145.424439290683 115.593017985782
98.098243698468 124.519673062306
5.69618199664048 62.0706269840252
67.6864989364148 80.7265483802764
65.4884511052018 108.270210704796
40.1226934589578 36.1617325901969
68.4283801091078 146.786260142661
142.833048284708 19.5780225927132
80.7035453878067 84.4484465329835
97.5988545377751 60.4255055888057
6.05028574767975 20.2029179783671
62.508252761354 134.642541331687
1.89858680441349 133.83080085172
145.750657487833 101.238926395134
120.116235501485 115.745958711929
99.6541462577835 75.7988605289565
122.121448053349 56.9084865280735
24.296583043444 91.8982349076072
105.621151167673 133.160835799573
108.857162412538 36.7208731453189
26.5472383934779 41.6736183791363
132.922380604212 63.9742341328798
92.5195340709751 86.7407451685883
86.1778855482594 99.7317275644575
14.4305597909843 6.32437470261875
129.668014653024 18.9538256973581
53.4945220584155 74.3646338086386
119.954445391221 129.297062732876
2.36237904841755 34.1581816913385
19.0873113605411 54.9782136781867
22.2703356675982 145.993048987136
146.666695063631 31.7508490245091
84.5335315715138 56.5718413330585
93.7734860216551 112.472342548686
14.1158652264568 42.6014433551276
53.0780399613324 102.400343437063
