30   16.4104352370416
80.304541467421 112.408948867262
7.34391606548351 85.4852602953615
52.9781998104008 145.740471505884
8.48949313758923 114.204615926399
1.36175979318555 37.2057367735542
140.751280904118 39.5791924993973
138.153321593092 64.4911286637216
64.1630932262186 63.1185773863828
136.179763572299 108.65629053727
12.6728815615193 10.4259500594344
12.2890400096949 139.12425344481
32.2361551542548 99.0398019962459
26.559398713473 33.8708916851806
37.6891446781226 75.9329070511661
121.395825988002 140.547231800156
112.604879931027 49.0321818523259
60.1746692772849 91.324888813542
13.9610108397835 62.1846845520476
117.065746462103 28.8384144941954
106.60690767915 122.469297797828
30.8541449591285 134.837105252362
138.784874297479 87.8272448115167
140 13.0116249818821
89.1083127053156 56.458842838119
79.413109406263 137.461279745346
41.5818157721897 49.2974477666776
54.272981869892 119.675534079279
85.7579861679793 83.6975128827571
135.942173536755 125.971611477492
112.113507931025 75.7954330363004
