40   13.8178288681296
56.8859232966497 142.471548493563
145.009054758748 124.30280418476
139.711679293533 75.6450014183128
108.231108492999 44.1015808032819
5.80751774268007 117.197749823099
45.3610841371532 45.6801076368066
24.3662628839526 49.0451297283183
148.587269271462 52.6755454935483
4.3413927803523 91.5414982869406
10.0000364557659 9.53580964115099
8.66549939673157 29.8345888829208
9.3954191957745 139.867948098137
126.233158780794 89.5090281671015
146.16295310878 98.1434281074035
122.938921515373 26.5914336002984
95.2299217863517 119.901717007717
127.810678712413 114.550807733454
71.0616240825862 120.416932681247
79.2363802857791 141.335308916747
12.6950206388746 72.9673117241441
32.044962199172 146.093520740736
116.141127583943 65.9068515506076
51.5345941926062 69.1800462742635
91.3794285108582 58.978398570103
30.3289907518407 25.19059233505
139.99989459287 9.53573660415714
21.8836333827862 96.7838476196363
128.796028836052 52.0876764135481
97.0909897599309 80.0785102779291
111.710531746122 134.544667375133
58.7390150975832 98.5262810426042
33.7648221627169 69.6683961905902
68.6191019478403 56.3796049646262
73.8177646666631 78.1170193149064
81.8606004154777 99.6941071662656
3.13783142466616 54.0543934756715
23.8502554887012 122.1959079101
140.390584645222 29.0007993305985
128.652416835262 140.675070057253
46.531089559121 128.685556127027
