50   12.2179181915738
43.6943555753274 129.389949389315
23.3258547458085 23.4700051086852
23.6772468977321 119.373019207419
7.01593622228436 83.6394946183718
132.004362058903 97.2162767877485
17.9680179008102 44.8112617129072
145.620506156558 107.714281378547
36.8502813480912 37.5222423005149
49.112993954746 71.3912164280291
132.230274717319 44.681500212933
10 7.01979522037436
79.8585507470707 143.186151558598
9.36535521215506 65.790281487187
145.437716406892 84.9740947136015
67.6458629666876 59.1007307894412
7.0375525494495 24.0271015842445
148.046044572323 45.5257813264034
73.5915902641473 98.9374744971478
142.617127603443 128.855337183363
126.188450663271 23.3826006985402
62.4396460394292 119.525630440986
127.257825427981 142.259704911923
89.773455006236 103.470130504483
69.8482065064787 78.075270841736
25.2587901799262 139.272547277719
142.588077898906 23.7521934289543
101.95779217403 71.7457421506974
28.3551846367157 78.2226816657838
9.70538746909005 142.578209219442
62.6212692406498 140.053810362893
48.3427447610815 51.1820689076693
124.008750899951 77.0322468059947
6.36561797442053 124.727783237933
6.52688085417958 103.970675224031
120.276045986427 59.4520516059263
43.3161212122068 149.541598483887
112.42581323574 37.8768897896415
112.826648614866 135.196856989102
23.0194235450512 97.6034791776912
88.6594243505814 82.0230097229187
29.7872812543674 59.7705048035006
95.7045462162405 124.269418129256
76.7875688408437 121.704013633624
82.0291086890915 60.5094444928816
140.788657314037 65.6131913124268
2.47513795880278 45.9791944653844
139.999887232866 7.01963386227726
57.0860011841211 98.2094420375072
100.33296947364 51.8790395030461
126.128532756307 119.075965584981
