60   11.0418801239485
44.5967524387208 73.2999815865255
22.3122861140458 127.627984314026
42.5141801430906 42.1025032411966
78.6983691770065 75.2190700967655
68.0930983094393 90.557462205119
45.7955261788935 143.255018644364
9.07643205514985 143.711796997173
112.917106438473 37.6757880550445
94.3023971755353 79.5549127219734
24.8633638767027 78.6311844438063
144.614025712488 78.0635045524104
4.496168856561 106.593294867111
36.3976718547622 61.2389972135977
86.0086177619037 94.1199008780761
102.569391426353 49.1365822855284
38.9792159000353 126.820698139917
88.6791064623093 59.1136508276279
24.0731417089917 98.4103844041486
57.0345660408202 125.838613280117
134.782813535438 9.63230218939324
125.590805294472 143.811406332674
145.973231430879 97.9841665486165
129.55730031499 87.831968222695
73.6680374629974 56.6998941027863
60.798066487089 71.8268587299532
140.283261585336 63.1794774207368
123.904749900862 73.8613892250401
3.78382731718107 52.915582357411
149.251123320089 46.9182057882426
144.277717831014 117.709059421439
105.285770401479 66.2845251995291
145.09056674203 9.89042814107961
18.47016670047 112.710370092071
3.78568833023958 127.050953153463
19.6796341826414 20.4016539942922
24.3592309523888 47.6679442469912
81.0892293403158 143.479165473487
55.9596337373367 101.345188334126
19.3498836121032 62.1021347707396
8.60807159329871 89.5927722005688
87.600802238844 111.636716137158
132.007682695576 44.139409075877
123.951968418465 124.108891618801
30.120018170745 31.742738853261
142.453325483239 27.8413033834368
124.376362603926 25.9330020427123
9.53803363607129 36.9790786030377
0.596871342766345 20.3901586016582
75.1488606309886 126.744981429104
10 4.68221144983545
27.6030298580008 144.288828290743
110.013183657113 136.133130209053
5.28639117931791 72.983084400068
121.700531062144 56.2026976417307
140.707538520161 133.116833709184
54.7790641901986 54.4350549349363
63.358157664421 143.357304271718
130.317856457274 107.49757472727
96.2905898941304 123.664862564738
69.9873054426499 107.787875481554
