70   10.2056057639445
112.642248167324 55.8151090434033
51.5354574931262 145.335935457111
66.27349000324 141.508081080601
142.924031009586 56.2800678717322
65.3203373507483 54.2923884203918
111.656687516202 38.3081276549557
18.8363181169401 65.4789218489416
97.3603430644955 81.6090426257455
80.8529975979096 58.0495994718485
19.3026967140492 29.2170339815336
125.127700767839 143.720623095507
98.4351311419212 125.240941641332
7.201282440888 107.544072460907
70.4032355574256 90.0893355152061
50.6518708581843 60.8465813965858
142.12905758401 6.4963565574144
35.3141164022661 71.9456031524582
144.417273166544 87.5820124562597
110.291488347117 137.584260180063
85.6458916716205 94.0637031194176
19.7817156633047 82.0790723410567
127.538359577156 80.5531112099154
97.0832274637322 47.7685048560025
144.499528674165 40.329349962587
33.7500176193005 55.8770213990945
79.6830496511547 127.538846824044
76.3887458041848 108.562215431239
7.50091113543861 93.3921684353494
129.886510464343 97.4886640863232
48.4210440915414 44.3930162466134
145.571363143062 123.072892329242
143.304451189918 71.3365295694675
6.24314475723701 23.9243735526397
112.477686548733 72.043685847881
37.1103252784287 125.556664362711
5.46528637656593 141.381123411668
34.9326125971759 37.2972278626265
19.9756545305036 46.8764118401639
66.477846327922 124.664064578558
21.5418759051944 115.495398514139
24.819519330688 99.2843168642332
80.967014468828 145.25030946512
6.42961432214361 7.92555662998347
4.82442750674848 123.768955560459
3.58553229663517 76.9168393854925
36.7974311951302 141.50807689215
62.1753884153979 106.330644927189
81.4590922776429 75.7503464557809
90.2706058443803 112.489252724499
130.785212359364 9.59652693309557
54.2264583083373 95.638021920454
96.1849752751561 64.4968127350174
127.477841148264 45.3951398479368
136.686225766206 134.606364822021
21.0337356741366 148.557610624546
20.4865626695769 131.96514562791
51.4837638100144 77.5299576212573
128.255563546366 63.0387045853878
16.4296143221436 9.56068691555762
144.963878962536 105.001765609835
28.4932593737904 23.3903176461463
121.512151345967 124.724439505419
130.426390341371 115.597883736076
4.72319775496557 41.0445002214692
122.007546081176 26.7324295942355
134.791825053836 27.8380566238292
145.955761346352 22.3627993897535
5.43941412313505 58.7265945557465
66.8276730938353 71.366227485849
51.5354637212295 128.35209342869
