80   9.51630643018442
81.5154828636625 128.561724079405
60.3354753273599 56.4700746531121
101.445834887408 43.3691766601021
127.451103103488 119.258826917018
20.9912901970021 77.8534678631054
61.5160405291657 114.334498299136
117.203516040981 65.2578935395366
145.49837208007 63.0255577351782
99.4933395350967 126.678494792594
116.971788986738 47.894319095041
126.518355349225 23.8448570722549
94.1558227293351 85.2075328436135
7.58230954047634 22.3876807221309
22.6403006714884 126.213972915936
53.6031411703672 72.3512409399579
14.6218444498954 7.85082995183327
49.4983940743233 127.526655465056
4.62184444989543 8.31857211029273
24.4588570074815 20.8715153089073
144.474854111901 46.8932341201044
100.008443056046 71.8453136936288
79.4155851271063 85.1282662992047
130.573997208927 105.812564972521
7.31430554294815 130.367369162472
70.9573380547688 100.027334392864
75.3915700898215 55.0310150618438
64.5832967950602 85.9951271786408
3.25750379756736 54.4052138824773
44.4268654335715 59.3161515444048
144.898895388157 113.589214223524
19.1592411541496 142.446617059684
86.1286386270354 100.683548383096
133.067225379206 8.43328078581657
130.363718349743 39.3004693842202
19.1721189329059 93.6983999597656
29.8387367438745 64.8124178492237
6.54495347205235 117.371360544086
65.0603942411993 129.486700076429
90.4419057940895 56.4762805398851
36.7614492202966 126.53911953979
142.562657699164 33.2083113357257
124.374784499835 145.174968621966
6.68538087929482 143.227572804317
48.5036487977631 44.0705588297424
17.9000282811648 110.321251388473
69.0648133485083 70.4665599627299
35.9418696639811 32.80008658036
30.4393651534047 142.22813233794
68.8508689807786 142.048582411053
54.5142805775095 100.19634474081
143.021425105303 20.8015775014064
39.101817116329 76.4752550007127
120.613915810539 127.122172473065
20.3473995386116 34.6087070871976
82.0395808540343 144.785422985063
105.133450677604 58.8146414195676
16.0236747299404 48.8847368309915
4.450398836818 102.051586421498
118.267250597914 80.7690804127945
142.058995727118 126.866914803683
56.7967517247307 143.369147390267
92.2994058737153 115.377124266267
134.265487613402 136.653241861449
5.42782285283454 85.8234706118819
76.5838654315474 115.448022737697
114.488948385964 32.1233778593943
42.9509684765362 143.575027880578
132.533144989828 72.2599059812093
143.73814546215 7.1658399013395
130.484610225211 56.0029029481827
146.543969365766 80.2763574964483
18.8209774084993 61.0954827904756
110.725748773812 137.638093087314
84.2304545422128 69.9902857408624
32.1073705223584 47.9584963968729
3.93904464089596 36.8010121160478
145.181701905075 97.3492645715305
6.06870371426696 70.676758754194
132.281493982259 88.8883179968417
27.8710016849401 100.609216226272
