90   8.95368541432305
7.34055143018876 20.5338168987063
47.283756071789 79.4590489866675
102.04932071849 79.6448358018598
70.6182905671272 135.563918761336
120.469877569073 83.7733772992773
14.9897528548004 6.76721313621931
76.9795518100522 97.582691150386
132.18514310883 32.9954309164646
66.5044977583457 146.979882314604
50.0285011190863 146.073973337436
5.85877887962852 143.229239963373
63.5186899112649 90.7001810409455
29.9801024585902 42.334720350141
53.8785934560038 101.157176865562
135.604529542266 6.98267325650368
20.3411667363252 147.591297134361
17.4006907111646 34.383660814137
145.808988807768 129.698515716362
20.7923091706553 64.1027227921109
93.765835655403 118.029913136769
7.53837048305898 47.4320850779768
54.3198479783686 135.113538487635
20.5624897021106 135.06722348214
65.5358269025085 107.003226358489
19.8440199502264 50.8658112429276
88.549720463137 71.9421304906008
89.2317331753593 87.7330009329273
35.264782122151 57.2989325654574
128.2658293341 18.5710909620346
134.130719555049 107.263647084779
118.720675400349 68.9977028457066
37.664746632635 134.598251957805
22.0475732795608 21.1001408044436
66.3817047060473 123.535404211467
19.2702996656162 121.354442563037
121.913831724966 45.0615810640676
61.6425449806266 72.8742539950453
134.813388165324 45.7683705676145
144.863958058093 52.2946512563212
147.201375512629 36.4554474722245
107.439103146318 39.3387674085112
146.072272404765 113.740046771709
118.263289816113 29.3469281199098
100.32183663113 127.641350412171
102.739423234851 65.7400512419414
49.9040006432624 123.475656751978
119.775689822497 129.809975951743
34.0917767209189 124.796340968073
77.7274089192743 114.504492435053
145.604529542266 7.80053310137009
6.47041387096632 72.6095012479054
4.90348325704916 86.2899980939401
82.6207697471655 128.322302007267
75.8731747887048 81.6021867657371
35.4731201927352 143.851021771728
123.3455697498 146.359508003621
5.48284943008276 59.3420031728456
5.80913851394953 100.595013639284
41.8326874943888 41.3109701051288
130.264880641944 59.1991860911534
88.4225243401974 57.5954821277504
146.693664030093 97.3729861383326
110.810433125741 137.608001189415
60.7535455007691 57.2095226375988
120.986071052862 115.146639295724
143.516012682616 21.7757229360868
28.2871321809 100.318895891031
19.2206636775422 107.770280914263
82.4667289752979 145.160753337007
133.245987039085 138.930887018531
47.9443154208508 64.8921286163891
133.129303820495 123.542208786146
144.354494390518 66.5783731084149
5.85877458175586 129.687716163782
4.47658043209562 115.162681999413
145.536986100564 81.2900453096372
74.3157498614319 66.3994540224549
74.8723045919905 51.6019429851444
114.147902271635 55.2033589054571
49.6514913457043 49.6535622374457
2.90288432521933 34.1307359178318
89.0420286963951 104.19007794186
19.7292858796551 78.9681103827198
132.722014208625 75.0768533837741
4.56343868924887 7.70347388053779
133.455172174299 91.3883878469145
33.4848690105428 72.481107970043
19.6475545728169 92.5243851060497
33.9035912699446 29.4707562799768
99.862229616799 50.1759070198271
