100   0.590315585774043
8.38961603089433 9.59704552206417
6.70139056825665 7.35305707109385
7.61350447743758 7.61385355940464
15.8924266303684 3.92094208762821
12.6233239826174 9.3208867631182
8.32829809654293 10.7249524351945
16.6332104131095 4.56176869410482
17.7706619601731 4.38946473455987
16.1776903841677 11.1966602694585
15.590477141914 7.46469804434182
7.50628535594848 6.67270387312237
14.3830766520871 4.92741167542219
13.8510878221191 6.76123716571708
17.4688294168946 11.1099613544764
14.9187715599745 6.6804850958879
16.3262315411158 9.30046193954666
5.27913048609762 11.204699796044
14.5065027735359 10.2172584108076
11.7502179056065 9.85847353918837
18.6553552105231 6.03728908283573
18.5741951302334 11.9339997311181
9.11093350782141 10.0631543414775
15.3619845203355 8.91864686046904
6.67543718682592 10.284814875499
8.60579621431039 7.42652605274395
12.0759180986497 11.4690741492668
9.82069531098625 10.7104267994943
16.7695117003907 10.3246290952874
8.17637417308273 8.74502634294829
14.1792607827504 5.91291983528385
17.2353210212041 9.4398410093805
6.3158158806268 11.184846709804
5.23575343214907 12.0213739086757
5.65885633074785 10.3374339259605
6.43767376334374 6.48714480445122
18.1361825228945 5.20709310982851
11.8953695551338 8.76651230272294
7.82624239615184 5.85023735804629
16.8394958074404 11.4807424836957
18.1744354817393 6.79531019890519
7.09915257454089 11.9465969097435
14.3942002911982 9.19647862635622
9.58475309113079 7.62292150308234
11.1683770379673 8.16086102618014
6.28219146349942 9.43976946425914
11.5345909748576 11.504234099004
12.9377856604452 7.16766972079968
17.6689329590667 7.43884044203435
11.9983099063802 7.6533193400353
7.06487439384126 8.73595402221716
13.6656223437421 7.74068534287124
17.7741381476677 12.1428050449589
14.9002232276694 5.554745319974
12.7260674999236 8.21766676823594
17.0077413671503 12.4161841984529
13.594020859684 9.90354965649688
9.43639896047991 4.90296876591847
8.15437057211183 11.7193326760099
10.2378334682858 8.72484620245953
6.03907271743979 12.0180272014703
14.6217274996001 7.51743069375403
12.2561337416676 6.59420137558359
13.4492003990713 8.93595171793854
7.13468803852392 3.90494178030707
14.9901568062393 4.06129064877914
16.5755672829208 7.35805847364613
15.2457398100253 11.778285557865
10.0157608765003 5.35292761423625
8.04619815755425 4.1699324940886
15.4902602144378 4.68628576326478
18.3215169722846 11.1982143478591
13.683303740476 10.8808348164039
12.0364091298543 5.72698729645344
10.5156812456763 7.40631575763089
10.6517288791789 10.0528923318698
17.5801767832876 5.91529518712493
17.7878302564153 10.1793330802146
11.7561816285753 10.7311212970549
11.2642024393723 6.13664098943965
7.31289219052108 4.93683040423536
9.55659558390559 6.78112732005844
9.0408578046861 11.1931417194956
11.0293264102449 9.19140389971559
7.34293739886527 9.46125251875137
16.0284578713214 12.2235751789629
7.35621052514009 11.0804675716421
17.8941170699645 3.28640915536621
12.740779818375 10.2724875609814
17.0804947532645 6.59253474194384
15.9653539134966 6.56222206539589
8.36047112930943 5.05568884693342
8.88709591722545 4.16094987767114
14.6205817222094 11.2206957945654
9.95111258998449 9.60034025294952
10.3521604385397 6.43238283463609
17.0421297301681 3.81682494934436
6.80726040840577 5.79644493559215
11.3174230418044 7.03854715077583
9.22415646892411 8.95701969197408
9.44678591632328 5.8093726660353
