200   0.405977492355682
9.95608176422487 10.0623011757684
11.8061138351885 6.82688075860715
16.0806984280786 6.98949951408802
15.7582714292758 4.69428870900036
15.8360284116678 4.02894090907424
8.28647689590587 11.1162146216757
18.2656346666508 12.1676261659536
17.367776311935 4.00140950223166
18.7238209191334 11.8268182775667
16.8029252384387 11.1590032989946
10.587020411281 7.20618678845448
16.1603553393295 11.0284304061142
9.77046122277854 8.68718806116011
7.04215627497055 11.319224564624
9.62055850672831 6.44145633481759
11.9775916378097 7.49918359085572
8.63436168796041 8.90581710400142
17.6742456377321 12.5616624989895
11.2885435452289 7.28999719883613
14.3479169181407 7.78021454876833
9.3972227634103 5.44166020484126
6.39250905773046 7.23891952237269
17.5571295248381 9.55839795717543
15.2330816011113 3.8426596633136
10.9870782220252 9.82381967303223
18.2602694081841 6.93215532351947
13.5215612888141 6.67977143693435
8.03762242366054 8.8687183806675
16.4835633102696 7.49943020658398
9.94059007376463 10.748494941538
5.11328263219623 11.0628642722553
12.2142424263743 8.94246430730003
12.2353798697224 9.63648991638317
7.69810842163897 4.40142697231231
16.2997599422954 9.16880593046335
7.04665017961738 9.37489316993945
6.20124009257032 10.4537931737407
17.1896368493946 6.29686153650079
10.3647782184623 8.92683327357308
17.9228199850515 7.38863100392413
6.33109866971659 9.40159323894213
17.9913984129493 11.5306983088017
5.43289480409168 12.2233149876228
11.4007622536385 11.3539783907544
5.82923077495231 11.0350478728049
14.1547557763555 5.38674631264223
6.83196030098496 5.60641906647838
18.5384557897808 11.2205052448532
15.7608869274739 7.60322897342213
7.16268914123557 6.26960346715936
10.0102503147669 5.8523033284196
10.3784877297575 9.54618779286697
9.284105233612 6.03060787775919
17.8512928383315 3.07368868595409
14.5338363796517 9.36911578458446
11.6172095518893 8.6629716456696
11.4757007634276 7.96679249124927
6.49930246838022 6.61479328944699
11.5243858827579 10.702333104556
17.400866512334 11.2812235455471
17.1991506196195 7.41708093384447
12.0925594189239 11.0695942599932
8.40427879677636 5.17253866411545
14.6165641056175 7.16710197843661
10.9750665946397 8.49803042817914
12.6460506645113 7.78049548715876
7.6893889395979 11.1091420897689
16.8301910994351 6.90044127609482
14.5940318628332 6.00655705123461
15.2349361396334 5.01721824312265
6.9581731458631 10.5778841548652
6.44786782296609 6.07539239939547
14.8739976689112 5.52496842086939
13.3536132892513 9.72406091310934
7.5752405567436 7.56335035789971
16.6364652575853 10.5226626841234
11.5714715987269 11.8532982022152
6.11139919103937 12.2020944739365
12.197746246913 5.83731819049335
17.4106844414099 5.75636258353533
11.6945381841215 5.64467295818031
11.024915621821 9.15316711887483
17.5300093173386 11.9667414212499
8.39086500821064 4.51258045037694
7.86553397074745 6.23125196624997
6.95428365892483 7.58534202249032
5.01756288658711 11.6958124313656
17.96111977642 4.45862172828208
13.8936132781626 7.23377066994177
8.05891298287646 3.96779636776844
12.1260191899763 10.3417363819658
9.80833921857974 7.13351604682233
7.11696484663131 4.28173165595728
15.3724857376416 7.01061287920756
10.5555663947214 10.2988930865268
12.5012714632053 7.0840237299241
13.1069569497588 10.3125749243918
7.5062516093219 11.8243744482006
8.30536060114554 9.56716825922603
13.5086661964389 10.8046921992504
14.5157010004235 4.87902168179273
16.5328899733692 9.82535324404329
13.1315222002613 7.217234272905
15.666166062057 12.1557937938586
17.575256569295 6.81404126706716
12.7756264275391 10.062596380498
5.46944975264798 10.4526475779823
7.83734284848323 5.02518552685346
17.9131872146675 3.72993063271726
5.9083012437811 9.87790983115856
9.15139262062651 4.31473010437831
14.6683898418429 4.20478023105373
11.5359764695645 6.18434811682549
6.852683516732 12.0281516856564
7.68852919198242 9.48982046960159
8.06879351761872 7.51303503689425
9.3274220843304 10.4397337283282
9.71887141462489 9.35371829664493
13.852398043099 10.2260717365574
15.7262672955614 6.39592818341646
7.4861734524844 5.64273650690071
9.70018383028262 4.76874735008895
7.41503891444167 8.78829916411759
16.4428881098155 6.39091872660329
8.66841659229549 7.5350883616013
17.946835585476 6.26042051004635
10.1038750553259 5.23922375284901
6.67293570099303 9.98483636840198
12.8120125120201 9.31304742831982
12.1381041967079 8.20081279280712
10.3823801867405 6.32670976643629
18.4687410733012 5.74296471581421
17.7589745398129 4.88839338109698
17.8234434769981 10.0893791133381
7.63268662376407 6.84396656072783
17.1697894551743 4.42884294508369
8.05464919827389 10.5801387959447
17.8501659492027 5.54889791504815
16.6061731953402 3.90022706379145
15.5740831062006 11.4927308343367
8.04539367420814 5.77690445052835
16.3334439530909 12.345062692743
16.9099225146488 9.20597516330439
13.9788217018174 6.07475131373565
9.16225538170702 7.00093879379006
14.6247276092937 10.1222819710039
7.37520112234901 3.70278560082795
16.2389762002092 11.6844460633572
18.608048748893 6.41938387111577
14.0342774544846 9.70192487760754
11.6130833227153 9.35681020814517
15.1136542348322 9.01330114196461
17.3025680054658 10.5793625393758
8.77868104807561 10.7915864023852
8.11173674027019 11.7139551826623
7.17686791654067 4.9794539093816
18.4165577559779 5.0508903583451
15.0773087519407 11.8548923410114
10.8059664380412 7.82641477357905
11.587877866743 10.0195679409811
9.32205977057619 9.93460024910998
14.4086209574659 11.5109627054316
12.1082048904414 11.6297775432812
5.67774655315549 11.5936239893523
9.03990373692136 4.83767237164575
10.0725481626572 7.66786897022227
9.32275580987334 7.68854484911534
6.73888843148419 8.79503656493508
17.1177573918259 9.93639387071226
14.24362148388 6.61348870459894
14.5088835653591 10.602970798507
6.46154814130669 11.0129831189947
8.79658318671303 3.91662346495905
9.39445698200109 11.1664084788338
11.0800652723979 6.66115287094641
17.9399558680956 10.7979717481762
9.15694432613654 8.91219669688268
13.2778254634958 8.96336154077564
14.1309221422094 10.9471636448678
7.09875552194361 6.93869212503436
13.0825451035699 7.8842873230789
8.60251293769722 10.1619196342374
16.4300122350706 4.41647525984282
12.2636372298968 6.39741357855775
15.0485406789858 7.61707746408168
10.3034992385695 6.76172327233661
17.2464663085361 3.49481367221945
13.7849956163184 9.09813497265538
14.3921519352152 8.80922396085173
14.9047136976927 11.1517453112987
12.6831130017496 8.55429725523365
16.884108305759 11.8126614049603
13.7145965620345 7.71568235960257
14.9745367052888 6.56019716823312
8.79569264297358 11.4953392690368
15.7365688743721 9.10294514773451
16.9657664956905 12.4772600958758
6.37452066726899 11.6008862718831
15.1924025043918 4.48591241907792
8.97782393311207 9.50478397195771
