50   0.865809993053919
9.43613092522874 10.6683603546246
11.7491636540815 6.23131756206598
9.44918167272293 9.21786671190171
16.9188965684187 9.68441881530903
16.9013442722303 4.20696661800975
18.4032790688196 6.52836306660665
10.9255267254869 7.18395762008087
12.603477656019 7.38407075655777
7.84360322338179 7.32752620821309
8.68936307021423 4.47916220189705
15.6959699971219 8.83211449654562
9.88241300788633 6.3075842051892
17.060982576454 12.5163719578225
9.50221502783694 5.25664793606923
7.5036962237009 11.953065211725
11.9170321105727 9.66838353366942
13.1065556721194 10.229978297833
15.7490149745485 7.47748224053582
14.4992142840376 9.56200286753575
15.5258076376293 11.9939137128435
15.4085416784821 4.3247485181941
7.79805885396494 5.66443252440157
13.8416939251133 6.3841992804268
8.52739226712682 10.9974314795493
6.69138099614065 5.75690333632519
12.0114806222389 8.28830755127679
13.3150096411919 8.78209874449281
5.84330413276208 12.0016582440237
18.1909023006455 11.7676500004419
16.6191165048593 11.1962360519146
14.6703473232574 5.07899100453626
7.27780146738945 4.18738110789095
11.8508956404322 11.2151828047094
8.41421818833897 9.35408785880482
17.8905804587412 3.56727241558838
14.4010577559206 11.0010204885396
10.7354446954913 8.45100910003368
5.27690856218532 11.1457247743877
14.119460313075 7.6822718772879
10.7812541666008 9.93734409398125
17.6704169496063 10.4260240446209
7.19075195975655 8.97559931101765
6.91278249301055 10.9029057249954
16.8842963158407 6.34422600752577
15.2372823361178 6.51022219507642
17.3894327943048 7.34165232920213
18.0292940001029 5.23622334408856
6.16925382994252 9.91192977302848
9.39966935820809 7.59355655616576
6.87314554664809 7.00134362245977
