100   0.644201277917766
16.8276898669914 11.8391378526161
10.1482404404517 8.142452487441
12.0186687177958 7.35948978848911
11.8978196510075 8.958000631892
10.0300375446558 9.73359382532214
12.7945850554593 10.7245475105404
5.34784179548475 8.6378688357024
10.7833590945286 10.3819578272292
12.2540858978013 4.69698409988206
8.95427037138383 10.127964385618
11.8778714075274 9.98478333128223
11.2685647778077 4.46446898577919
6.29039408099944 9.21416430153076
9.48593350167451 11.7322419668617
14.8185129584526 6.94049237839152
8.29162155748698 8.02614519040761
13.0414930786233 3.73335965501028
7.44492926470524 7.46078941404488
10.4276477822484 5.91642767360143
4.82269727170588 6.66893120944152
17.4572759441301 9.84774713964623
10.998317171178 7.7758956183009
13.4508078467825 8.0100496152285
13.8406433322401 7.15641314754017
6.93599646590025 10.8958166816885
8.35825256670383 6.88915952163209
11.9605724708777 3.78764273674429
12.8990064956234 9.64576019559524
15.6250481083018 11.9427024074843
8.36600836392423 5.91569492265406
12.8205639600607 12.6693651035399
12.8135757986809 8.5970428025429
5.950138932911 11.4422652492891
5.53709431324004 4.91397674639876
12.3534043915971 6.47615934091739
5.19944458528234 5.82329630137101
9.38647144887036 6.30162814608867
8.25065390777821 4.35479989011923
16.7811556644913 9.04286445485244
5.46775714038596 7.63820612334295
16.4328530751349 10.0950443613113
9.26558817263382 7.40182346329815
6.27933515694705 4.01517091704902
14.4506828180798 11.9208655396232
7.66217895129129 5.09567756184408
10.2518728541056 7.01687111712129
4.37036274664564 4.9876150477027
7.47440853751847 6.27765068244695
6.17648215956063 10.2624357689802
15.6517150474973 9.49671674172445
11.2678958286673 6.62477070741194
11.5612677847833 5.60339525124869
6.45107370176789 8.19127013181098
14.3534599738498 8.08530002379636
4.51938416932429 7.81436304516889
15.3973677126878 7.63016079233967
5.23133199140974 9.58463672390314
11.7647410318661 11.0565794329192
17.3116414877235 10.9120052267342
5.23256787282242 10.5795017023623
15.3281249195224 11.0904703145793
16.1227292277989 8.46293901121342
7.58232694533075 11.9241854665371
14.9978063767429 8.65534861483348
3.83745850994713 6.91650428241297
6.32329952800276 7.28828965949837
13.9613996851302 3.84139822040548
14.4046887624616 4.96342467967566
8.15956475375392 9.13123154550445
14.1127705472809 6.02160041176278
13.9219729882986 12.7722876685373
8.49973608954558 11.1758334606264
9.64455788297177 10.781046537565
4.01263124725673 5.80328481651962
16.3101627821332 5.55182406488041
10.5172209183461 11.3968182857202
5.07572187588762 4.11815830547993
9.18784910694809 8.54374961360379
6.73557334077775 12.0704829954832
12.3464095750976 11.8208343611955
7.18494727692073 9.73069439340026
16.1703274171966 11.0233698682861
12.7126024825426 5.63755650223609
13.3441228694166 4.62635615184531
15.8882293097595 6.50762309192479
13.8684987792043 9.14840859383879
15.5586950344947 4.86046802143981
6.64128763056684 5.01752729124253
13.7438963772874 10.9240565538992
15.1164893343635 5.82741661130738
7.26236594012981 8.58704592777617
10.5238372340946 5.00179422357154
16.1403209552915 12.7508414238302
15.0093457153346 12.8402572444205
13.3224405981923 11.7527290728485
7.34030435736997 4.04236022792862
10.9812820945268 9.33263241356999
8.89133063086035 5.25000855483543
8.54315195142476 12.2924875910943
14.9795611266233 4.05220070697953
