200   0.446510036176123
7.7138234189472 8.51208822231906
8.81372977696149 10.1807300125313
12.803529032671 5.66245087476487
6.20562248465496 10.8720854007807
3.77613842849594 6.84313392530352
13.985028526069 11.4429360818583
10.924896371882 6.66977191309955
5.65315341081914 8.9388057956451
4.33348497535448 5.01692874801426
14.4462172102275 8.67758295871141
9.99113834568441 11.8398184546714
14.7471067405011 3.83270943089545
10.8439884376475 10.733412704031
8.48850094503951 8.41624553825733
7.69486811739683 5.65849303398836
8.89720826849183 11.4631899036419
16.7658288657141 9.78521658166696
6.31437605054426 7.89168708283241
12.9651230676957 12.6312071904785
7.21151961710227 4.06543449408902
8.46023286410805 5.91590492680902
7.15411583390245 8.90992277823044
4.23469614671325 7.37430149747163
16.5976165214955 10.4683723930147
10.6495942737289 9.24068441988359
14.1114731519767 3.86241512627058
3.87814922810533 5.43483937359802
9.24162253785904 12.0002263743531
12.5549727405058 9.17864310348745
4.52073877088544 7.95646099697304
11.3929775543215 6.00949232622725
10.3551762532019 8.15274189114511
6.59929051545327 3.78688868638531
13.6161998120323 12.8628788764139
6.6809066080282 11.4681333986678
15.888330887221 5.19908784057401
15.097362156673 7.24598906302511
14.3299342301273 12.8900625394167
10.3838027139611 11.1837844427814
13.0417656915355 8.74518141811543
14.7860766257872 8.00051498128825
9.03225448384614 5.53460107148258
17.3580589210795 11.5004415343545
15.4400638948055 11.5892750141469
13.8444576624539 4.59967003770311
16.305235955864 5.69768903200836
13.5896662270951 7.39663013130373
15.8299334758164 12.880293221521
15.2084217548254 10.9602129376271
12.6072294354594 4.36961014459283
13.9991045447166 9.30658343624732
4.92779994725714 7.17797934157536
7.34979742423779 11.5524262963186
14.5113195370113 4.60189171053966
7.61007208289626 4.83776551000419
17.3943807367467 10.2204173561406
12.1754748104077 6.21210649647751
16.0855820723132 11.630614839411
7.62207141219453 7.7882034702174
11.4532273551006 5.14496150267959
9.23533779226632 6.15133266835069
11.9872120047134 9.6767389135312
6.5735128759107 10.1655644507733
16.3418242728639 12.3744054765959
12.2570095771795 12.3913216869512
13.2854312839005 11.3316534554249
11.9234176947486 8.88494792863806
11.6565370823387 6.73382697761042
9.65921883625976 11.2587950407944
7.56808801853136 6.98964009537545
12.7830045156647 9.87787162427451
13.0288283841976 10.5672542071515
9.10445242121155 8.06144298854139
13.0858816927094 4.98334529952332
5.83340305641678 4.02515673449495
12.7745046743377 6.46374581741591
16.0648750258097 8.04313879638204
5.74675134584202 8.18137151797685
14.115097416274 12.2163703534573
7.0534165429399 12.2410193285347
5.24319982782232 4.32104431851756
5.76375704973032 4.71854922089087
8.52393530221278 10.9299516639129
6.32212572146799 7.08414030031456
8.71443627650158 6.65295124259421
12.2245681542121 10.3786184984444
9.08024222104761 8.87394990644153
11.3654650384821 9.07364128078283
11.7632399464578 7.58258937447727
7.80707147447851 12.221154702906
8.22096351686807 4.37229559094101
12.823566878426 3.62024688713173
10.6386648171104 10.1037624184277
15.4139758602337 9.53736933972754
14.3671086375624 7.37084108711711
15.7077516917485 4.65293258967346
14.852646425578 12.2208925484588
11.3998822382095 3.91170614087976
6.21425713681228 9.47851137808821
8.24771063751442 9.01872088045486
12.5343327251353 11.0813396414181
13.997896943056 8.04927617419141
8.26590186890451 5.17906291864231
15.0484936561644 5.14654845151447
5.3897144792229 5.8822577514275
15.0658310634893 12.8924262909092
15.8146583527563 7.00608048928866
5.83918956689681 11.4602586497098
10.1767226061163 5.43373709021842
10.010096979576 10.5181297805346
5.01923502478166 9.4536096554657
13.5749792231322 3.50327401196506
15.1700851579424 4.32745914467442
14.2572735524004 5.30200347035289
15.9250895580269 10.8795963371383
5.1363065971607 7.89063918242122
11.1725570150501 7.31815224162438
12.2758352672428 7.0595291156446
16.8939143152771 9.03364842861869
12.738400062407 11.8361702040377
12.4811178240278 8.34948432080293
11.2047533511911 9.6591618204103
7.97964494542723 6.41289874483293
10.5082583788307 7.43563286829934
5.70167223208303 7.35231452243992
15.5292925517438 5.76297863655351
11.0695509294953 8.06731586956889
9.75314654885477 7.61831895481526
16.0744075443514 6.37254220588738
17.3438220177978 10.740153113443
7.67500774237138 9.37547762700202
13.3559548326116 9.4611895161984
13.6478401406705 8.64754384521558
11.7735276756715 11.0254654734117
13.9046560174741 6.72300109246522
10.9181585131273 5.48916157323422
16.1554249276517 9.33687351833331
12.1606965921311 3.787589540073
4.4890952162381 6.57618900203553
15.3140360470499 6.45940017012059
6.43790657924046 5.16781215532947
5.86803953093803 10.2260452414247
6.8527093274477 9.39024025529358
14.0882016650814 5.99051371819768
6.33362481942942 12.0534705042158
16.009311974992 10.0718510232843
6.36223201751083 8.70073569629274
6.9536559189517 7.45101342084136
8.12944582386388 11.5743154280805
16.6738777056448 11.1806641475564
13.4469899100221 12.0779224441344
15.1242185717201 8.76175388107956
10.6302210832266 4.83769843519869
5.40492862796887 10.8601915612334
14.6690284892976 11.6137422731086
5.57265843545422 9.67902188608456
15.4253790082422 8.00761122285674
4.62877976027553 4.46998754360814
13.3360286074527 4.22805404781309
14.6235435462362 6.62116492570603
4.64003352160248 5.75354615524782
8.19621429906687 7.18447353827849
12.0031037981944 11.6517836373686
6.96872959433857 8.23124955233827
8.82658248089397 4.79452984868085
10.1930500775777 6.92305300879993
16.4852549798572 8.56411412155909
3.96413775278566 6.13399697187107
7.30904675374151 6.16918103076922
15.5991151788865 12.2365863338843
8.54846685466957 12.1841451552868
17.5006429837861 9.51468570335531
5.08635574104735 5.14197415810714
5.0389795782789 8.64878557443234
6.98287068684162 10.7786296278292
6.5176509836501 4.46805923914608
11.4723665555585 10.3110976438657
11.0461776359983 4.47029977901116
15.7482073112863 8.78209653021056
10.0831560543282 9.67745455872835
7.28925903343871 10.0027764015449
14.7678440787445 5.85221801877096
7.07321133804578 4.86912187601746
9.53561535351371 9.93943468957518
7.72364772017271 4.01690800020035
5.06263645377228 10.2236200963371
9.28781825838424 10.7170131281992
9.46986146494615 6.90903267560697
8.95334339600527 7.40306858594998
9.72126043026887 8.42696213316188
11.972943774184 5.64552027001222
5.11515375717878 6.39811697379825
10.5662352987676 6.14771919926259
12.2988914806744 5.05343123119092
11.8378262639572 4.51812282329182
13.7731533859228 10.7837600497972
8.30741532613303 7.89008406600596
16.7888132013043 11.9685552335834
13.2043918385019 7.96462207092523
9.91538713930354 6.21489481232524
