50   0.943583385453359
16.0085166359438 5.43817921443647
10.1724474120929 10.1334291969348
7.51173769958565 4.31207832357882
12.5498401020418 8.19866080198162
5.31480459895249 9.49706041608425
5.24281835171457 4.31672742314846
11.2402630724261 9.34607758427946
9.47022344537026 6.65451560453743
4.1434984581862 5.41831181650061
13.8314179455162 8.89313590672836
8.72980918676461 5.06053737520795
6.51079245269362 7.22794676228673
15.0688557019864 11.3246079618918
11.5883838526515 11.0899826404201
14.9663737908491 4.24108444147722
15.8618970096543 12.776578113045
14.1059960262991 7.32245356024179
8.78234096216041 10.436443802431
12.526504938634 5.40617902053484
14.1949458474927 12.6286103586473
8.09961860388556 7.61068075932298
15.6646804012439 6.80714585770383
10.9669680347841 4.70109776649953
15.7832565134974 10.0007630806674
8.41185954372579 12.0200043870728
12.7365411236191 12.337213651425
9.97150653544449 11.592785722918
15.391311761269 8.37892512391481
6.8482447588109 11.8778909853929
6.88600799539195 10.1703263708019
13.6184231244926 4.10193439938847
14.3610251822457 5.758468709679
5.52240353667534 11.0268375872835
5.69974622287936 5.94805285865494
5.05604194194002 7.83711950906434
10.8806899671339 7.56167530960857
7.85267090230214 6.12428333992141
16.7434476248192 8.71605748847006
8.08624844826201 9.00679525456962
16.6734817333942 11.5110156684442
12.2578603203056 3.81409289427827
12.4901561055269 9.92026207228148
12.1185867377853 6.69987517546358
4.27680341403928 6.88647142801642
13.3835462730835 11.206556865128
9.60433862360375 8.24511677708129
6.51062505715728 4.55265549444193
6.55320831091591 8.57001317146224
10.7533747911713 5.86542926094557
17.3924410173404 10.2529723748007
