100   0.409514102119988
9.74920652010489 6.04079200706553
6.03723412529199 6.14318256362414
2.58326002428369 4.19987962218587
5.96266759871713 5.37913494817824
10.6705033722212 5.05662509155467
6.58938642492579 6.4358262119375
5.72327546651204 2.15057758347682
4.8400471820468 5.02592078632734
8.07041886023411 2.6459146732579
3.04331101216462 3.64810382653611
10.7889862812102 1.54913097416284
5.40750275062458 5.21698495778365
10.7858921901206 0.849084002577001
4.92320875629264 5.77832281175294
10.7755993225622 3.11574224758078
10.8106300487364 5.66289835522184
3.55831595744271 3.21150266784578
2.61268539802344 2.32542640342656
8.2483225831683 1.47452342561175
6.2843234091897 3.65736383533842
1.2254875833077 2.1107951002032
2.21433111899769 2.88452525121025
10.6498482239756 7.0111900063348
8.11184578753753 2.19397551809645
10.4111857148496 6.04489077309006
6.28422861158596 4.30995590764824
3.88914013918739 2.83582310598695
3.70767435017408 4.58930664863355
0.794922871455677 0.7841166960623
6.93233108493178 4.61742271510033
9.51772055478703 1.85531616643611
6.78830198452057 3.26666360934343
5.79975469406111 4.6115774951214
3.8642290454379 2.25511776406592
8.43089867040385 3.93643070477387
8.14680387514765 3.26532332512652
4.28466039216943 4.80027342428426
4.34341319993833 5.56475687337034
10.0355682673624 2.84454892057081
8.73784635023909 5.07919287218832
8.8646159481359 4.45254371228565
7.0920033422667 5.27485459142266
8.76801867648269 1.83543870667073
1.93491211176978 4.02340699475217
2.63576989998905 4.95152973782794
7.73334474442867 3.81719053954984
10.2501738065594 3.47713586237948
7.42869933435151 2.4714605238351
6.55010650467805 5.71339579577121
1.72398293971748 1.59239210210439
9.14859644554448 3.5937248842184
10.7803242428615 3.80390769251972
9.63703443110005 1.19394822075522
10.8696849470124 7.61177354262327
10.1359005062364 4.198908113342
10.6683061391052 2.5330153874238
6.92025314625575 3.94446588191321
7.59121809895857 1.77364340199827
9.90158690862313 2.37857401582711
2.39955985388102 3.48388430494347
5.07855649635077 2.37362337441506
3.99811116449031 1.56350609163578
3.15072220136309 4.41456825317391
7.46184490530142 3.13152171061092
4.39747985602003 2.66009930587731
1.06209645057724 1.42721768777954
1.67621731917889 3.38989304489873
2.93956094056692 2.95651751231294
2.06646459075157 4.72552961108988
7.16346293693883 5.98642716266578
7.24179964946565 6.68214095668916
3.22216630840994 5.15590240166799
10.0221185744866 4.69723734546241
6.10678969349113 2.95284133971903
10.182134811576 1.73209774644151
6.816034211898 2.68163218375522
10.2147306997643 1.03271567695004
9.17717426353993 2.50578390195217
8.97622722717802 1.30925456201386
6.4008438680451 5.03293888678838
8.91155249669421 3.02520394336315
10.7602102922612 4.48148282867473
5.2537406596359 1.70370861304834
10.6406420938568 2.09647034306545
6.31179627257086 2.18112128064221
4.14893076804704 0.881472703036401
10.0725383032844 5.39230457260551
10.1079429165666 6.66632430783814
4.54551270562722 1.96370592440795
3.78889222436453 5.3421818071678
9.34306937951201 5.53086335980456
5.63934339332969 3.88507818787239
10.8644158781641 6.41241509513929
8.25171065635067 4.43492087679787
5.49709607250135 5.96872148993261
6.9324507737193 1.94461568060306
1.51957076153463 2.73384105597992
1.963261643213 2.2044080649555
9.43576258219652 4.9598196148995
4.69022039997095 1.30481968769035
