200   0.281581818262313
10.0409637016441 3.85149817490241
10.8706356112846 2.87478134816047
1.73580412857739 3.50190469119483
9.95344421988444 2.41665765273799
4.7434991338748 2.18853569814453
10.8056807126045 1.559258734982
6.58695834553071 3.61668076294528
1.5835242263295 2.17081940905862
6.32429086436053 2.00895275708923
10.4944578669194 5.61265351508986
5.97917150800809 3.03675548404563
5.890992065288 5.31041760762721
9.6782705997195 5.62501660691883
6.26231991359487 3.28315057916922
5.04480338814082 4.97417146615118
9.1521127620592 1.22702620210263
1.41506191947492 3.13327770067626
5.77823511416206 1.94665840922375
8.24044524482336 2.80066278379245
2.96271861397576 4.69299546369569
10.8236025495766 0.719481477572117
6.61043220821891 4.15218207739659
6.76049785542976 5.63457554974581
10.3433972486797 1.74977963561609
2.03756156328464 4.28016971781289
6.27235420886828 4.97547479815304
5.94516997583911 5.80260721761793
5.07473511155078 5.47499031752389
3.76471210304212 4.51298509203044
7.32504973059836 6.77936547582086
7.08267731591058 4.86009355905015
10.4533038388171 3.10873133756948
4.1302051259438 0.749667666538097
10.1145900476832 6.80497887368612
4.25132115199467 2.36874698996884
7.74954388427439 2.91466582326591
7.20985339840415 5.82134583663367
10.5036412604201 5.11451643046562
10.3538616372724 1.31125206670444
9.0723278577225 2.63623388810184
8.79205307717796 4.26584463117722
7.24364802464928 3.02498487661531
6.7074734153099 5.14613476329351
3.85905947053554 2.05746170621222
7.58621381491032 3.35175047696186
2.49422422549885 4.07125218534195
6.64165837122351 4.64928258796098
10.8746770902754 3.86999745698995
7.14989917729708 5.33815302671571
10.0875398270807 4.86066443788119
10.8104800661345 1.14721850550268
8.09609003573194 3.21279889899429
4.59599670213782 2.64976106822975
9.02497470826436 2.33058159576494
9.3690209354245 5.86473994483438
5.14123865470715 5.96894589110458
10.4352800392288 4.59388809906884
8.07024537860002 1.96953776678305
10.783003997963 7.31836524556275
2.16728069673924 3.29529712676881
4.6605665566413 5.30676060257332
6.82478443826616 6.11970065928005
1.32220721746452 1.3809161197675
10.8168427611374 1.97691629303154
10.8638486012921 3.37136468687095
9.00291601687195 1.63082402753955
2.96973756522273 4.24551027682611
6.11556760316128 2.31124859648975
3.44731346679305 5.35018359714835
9.31817766566259 3.3530372238958
5.50917759447926 5.62900840667384
2.01553960709296 4.6602131281974
0.863387856563043 1.54261617456924
7.77490068735052 3.64182767077502
4.84046404865015 1.78020326578747
1.1357836409189 2.33425033590695
9.89063985498239 1.95753143036749
10.8515638464259 4.85556381680214
10.5209301090464 7.10620340692812
4.17109674295015 2.86895655006591
3.75438311567996 2.73667153084534
10.4575449839481 3.61121905136117
3.41980743008317 3.10480017070468
4.93410891194271 1.36209001880095
10.8705551819807 6.36589930369519
1.68396303270604 3.99650483945963
9.95274250168685 0.993086721335199
7.40824525463602 2.58759780326982
10.0240779636717 6.37150234588004
10.0261832278269 4.3359744692673
6.28989857240231 4.06077071989421
6.44789579924465 6.44322296643257
8.34494266833602 2.30314941484225
3.87020701094298 2.42308748952928
2.93702406216025 3.81290766812404
4.19042104364496 4.64989730325607
6.37965675780727 5.95649016435955
5.79906929963457 4.14792700553465
3.03221468169022 2.84373230908124
3.01618231384704 5.1965087471454
1.67601138540657 1.68930212959264
8.50875230134388 3.92103277469391
6.72390576130702 3.1276534863936
6.9180812383671 2.70503470444368
5.7048474290454 4.52004502382583
3.81229641941457 5.00215187857456
5.45369976898072 5.13934722639991
2.02443916201561 1.98703634514935
10.8955112600134 6.87744135677349
10.9118552462422 5.36227392277215
3.36009425345886 4.36399165664194
9.72171474088251 4.68737159777624
9.77244927492702 6.15738520088204
1.92238513812316 2.49146848835947
1.21459794504632 1.86705170950233
3.83942839660613 3.24481602232876
4.29163504248173 5.64227974868784
9.30624538095608 4.94110562363486
9.68686749997257 5.19861524657584
6.6400568169167 2.35114051498559
10.8578468276298 5.87276925763581
9.4874218012642 2.26413265066845
6.09126093723742 3.73650437489497
6.4137747996365 2.79196224956542
4.34594435303648 1.92537115857143
7.03818135854419 4.37431618441655
10.4868199775436 6.59118662746861
8.5739255746844 4.73552829022552
2.59922873896321 3.08101324619224
10.45827469771 4.10494929330375
5.61211675275068 2.353373491062
5.25623815302055 2.02689230030307
10.8204898046742 2.40773220630945
3.87380518078327 5.50024900085972
2.26123844274168 4.92944150200052
9.53686095562508 2.64195591099164
8.26441929346528 3.58801291346264
9.49046810417291 1.63469481276895
7.26512857876975 6.30200148405566
8.52204809783822 1.80103571328221
5.08574024361346 2.4254077583494
1.83261509868524 2.98840275338263
10.0881821325539 5.35567397894582
7.90024933101137 2.46159274189702
8.98764085567475 4.64210836227856
10.4469729932757 6.13210795784161
4.04265881004108 1.18051395917593
2.26657126888015 2.78339738811399
2.12119984105987 3.79359022487009
10.8649186219138 4.36921834233173
3.38270717249545 4.85420768490167
9.99254197261438 2.88398900957465
10.4098255503056 2.6452451467295
4.62035177603952 4.81228397021824
9.18196443337897 3.72130928454044
2.98637614434281 3.34171556918101
9.93312392641598 1.48404809287759
8.67948952565924 1.32520039425229
2.66379865395776 5.0010052865942
2.55347266661258 3.57951383294101
2.69878385849235 2.56684190055007
5.57263276380018 6.12478758757564
9.21720064280124 5.41416412891326
8.31868367606593 4.35601812546924
8.82398103561577 3.35318549291596
6.96644248300369 3.8888012698469
6.82081388789418 1.89972059432644
4.23515807947667 5.14129469462699
10.3837394054922 0.85645800815431
6.88118407761049 6.61015977634222
8.87601896382716 2.88612014716703
10.8725634909773 7.74890588110429
3.39201966575748 3.55458443241355
7.1364172914719 2.24260572290032
5.86084676928282 4.83132211350673
2.51505228507528 4.49362098352268
8.20102017267601 1.47709224337782
7.74345394694006 1.63800661002536
7.60755325103948 2.12564093000972
5.58376245511188 3.76883316494583
6.32237811241819 5.46616675506682
3.9501701323606 1.6157038724602
8.85931670831475 5.14855740880787
5.34327197187283 1.657829656858
6.22000621444019 4.46995940808748
0.956144034290958 1.07839709388901
7.99839444189317 4.02458200396888
0.593640633888516 0.765551993467764
9.56553713603991 1.14598385977679
10.0839386282171 5.85843099561171
10.0476353542117 3.35383527910144
4.4414144959589 1.48907201240005
1.47788878573127 2.66695108496768
6.0063923260435 6.29449768359891
7.05134527956912 3.41076223655298
2.36649805436142 2.27944603924152
7.28668687047072 1.76864513673447
4.7065850396965 5.8140237842469
4.53501257523469 1.05522043374327
10.3619436938353 2.17634252876149
