50   0.60180163982481
10.7259233631803 6.26278088529943
8.79201352502567 1.51838636464763
4.00841108144123 2.03131474461374
9.84921259765288 2.40096700654203
10.6378741342971 1.84483673181967
5.04161598768178 1.69743652501232
9.83719278163856 5.73984956510813
6.87137929025349 5.81086169788509
4.8263882961784 5.01953231647314
3.74622760157366 3.05186883564666
6.10321806942923 6.11689420328885
10.1117748446372 6.69654649656717
10.5811169060438 0.932090438436717
10.1026215862309 4.60234223903309
4.03582992231805 5.67666336972082
10.8129311301169 2.89748072720249
10.1622145107674 3.48141616052666
5.88639112555444 2.21218949428574
4.24393037537294 1.05014832476222
2.37765013165607 2.09680475906947
6.61212438183741 4.11994192537198
1.61538676147198 2.79742990603643
9.22953282099519 5.19598633811079
6.95208201836578 2.09835000379462
7.14044628038332 3.16084691536483
8.10673696832939 3.70771816284989
10.9508647502863 4.06926126295002
7.89345889303341 2.72551555480545
6.93791238856271 4.90482832258832
8.95000000001164 3.49457868599818
0.909445136011664 0.941044095632421
5.16396295332294 5.79966907721887
3.10297525443636 5.03841757491915
8.84943172198494 2.44544709644468
2.68191232866864 3.03906683055751
6.3007749341142 3.03513795722851
8.62852478475195 4.45386723612738
9.70213701691973 1.32846646282158
7.86577804238135 1.82147012619618
3.83468829836387 4.65455025184177
2.29139075567256 4.63269311036374
5.7567934013148 4.0442631290243
10.7130406417293 5.19803334970493
1.93728362524623 3.74470823443731
10.964029244137 7.39927436472499
1.35416371771688 1.86274683225381
7.04281691591187 6.60865765049477
5.9650184419919 5.07570134983593
3.0365615718698 3.90245597847601
4.75519614074001 2.53181218526959
