100   10.4225360219768
-50.3156076824161 13.2276980811336
27.3440113143294 -33.8191385209433
-65.9954682738917 -50.3609810780717
65.8842314258115 -52.2011229671228
-93.6291883493889 -1.17589842808965
75.3128622348657 -35.0943605640249
-67.8798412588199 45.6766781888773
49.0142867244395 79.1202885699415
8.83240144925749 -1.4187703353917
11.3366286351971 -35.4036747498096
-0.825437920966228 -66.9974880795904
67.8227995430465 46.6700729558866
-9.1965310733912 31.312517954426
-46.1400898806101 -80.7786803369279
16.7508527481415 14.9314133559856
-41.9665141277385 29.4765356959427
-58.9740293540204 61.9264212928757
35.1442436048526 -17.4769100220192
8.0544710992925 31.5376161995894
42.2865259425135 31.2141336961344
-9.40409952076756 64.0289515073162
-76.8085174983657 29.8136273726466
-12.5456767763943 -52.0295849372098
1.89571481809273 -19.2048261950099
4.79599772998934 -52.0766759450663
44.3855017940018 -33.9280462591389
-5.55314252577593 -35.9860134671695
59.0599767402051 -35.6553727315096
-56.1099120684384 -66.2704221440806
-26.2446128101391 64.0656459577288
-84.6992292557477 -17.4708289718203
-6.90146179716451 -2.57593115642374
24.6460617852693 64.2799261516795
68.85146800094 14.4841567175065
76.2182358020643 -1.80906712309271
-67.0940009528914 -18.4007648118082
-33.6746950564143 46.2639436772665
25.0904000069367 31.0428018131367
-58.4856249973406 -2.61053482059255
-32.0871666700182 -19.3900957971457
40.9470502943811 63.1869466520342
-85.5251534612998 14.1502641036184
50.372616580954 46.9884711382893
77.301722284187 30.4203202079206
60.3043222392397 -1.31618331649066
35.5046075386266 -49.0838537978412
7.70847852370807 64.1073111333345
33.2279035240063 80.6144955684961
8.99896753826761 -82.0437822010991
-17.8126107380085 80.6121484701762
-0.876703135727438 80.4418769709421
-14.7060481287081 -19.3779156612252
-9.7087837310748 -81.9672892874384
-19.4244174496023 -66.70810776389
45.2761815383725 -80.8909720823931
26.0482537596711 -1.27571606461094
-37.4031019142595 -65.5194988135961
49.3361883881017 -52.4031081941724
-23.8312382776884 -3.21681446820767
-0.860921208111735 47.694474117774
52.3849256279557 -17.8832565110286
-67.8129380227625 13.6642238404931
-75.9259355527678 -1.96478958911594
-59.2131641987981 29.5233063638946
86.2560392193156 14.0653560179059
-28.270173812851 -81.7544020426141
17.6028069961461 -66.5392536180673
54.6880601976545 -67.2243083343747
59.8443791437845 30.7622999289036
-42.0153789718047 62.5602292320312
35.6937880135097 -65.3865848951087
-48.1695393635296 -50.9660475217282
84.5351253221174 -18.2480216612679
-49.7122693037001 -19.1284894509068
32.7925731022159 47.4072979642674
-22.6062659577323 -35.5303733540481
43.4117198119237 -1.41601993415668
-33.2321852430247 12.9486234967865
-75.4036365788421 -33.8820958560015
34.1359241314136 14.8232125844699
17.9171147225505 -17.6368180138179
-25.2690392198698 29.7320634552923
-17.8928148614057 47.5028309342983
-57.8569973732156 -34.8940118764428
67.8604746702411 -18.7073688149035
-30.1352520034365 -50.668778078945
16.1988270351117 47.6968347138267
16.1136935931863 80.6904894076556
-41.1515947963073 -3.27936651937862
-0.194817580591129 15.1723298624194
58.4328341402997 62.9212960469273
-49.9907982914037 78.6883083809182
-50.5354327254856 45.7761643906948
21.6873174923781 -51.4920283123759
51.3104428580646 14.9624460342584
93.1787886842001 -1.72743345555189
27.4648038585146 -81.5090523514977
-34.7752719263954 80.478552303496
-16.2977768517199 13.545778666041
-40.1959888486184 -35.214883843533
