30   19.6023810077179
-69.1116279813037 -39.9081168879517
5.87903548797478 45.6022224414227
-86.5320108585188 -7.92085525549796
-21.8152755890543 -12.5951953041954
-27.1585108759791 47.0293203366136
86.534074817011 7.91984810831203
50.1174738629855 70.9837837102102
60.8948558239612 -47.398116773262
9.39689539521951 -16.2690961020545
54.4794558961051 10.6450400535448
27.1589747483534 -47.0307844093085
-5.88173356323962 -45.5992996571759
-60.8935803591899 47.3958242722717
44.3432542336092 -76.7962278027462
-10.6144687450142 76.4333316641154
42.4367365739957 -17.7018221613249
21.8170313192795 12.5979590595685
36.4497944142614 41.8618622392759
-9.39434225587513 16.2720511674596
-22.2069507504639 -75.369466793952
10.6138513529149 -76.429878468656
69.1129318658269 39.907696542367
76.3805296357659 -18.4387230415939
-54.4773517860244 -10.6442786383031
-36.4486205055115 -41.8606587934298
-76.3830246697883 18.4385207889178
22.2080720131053 75.3689555953341
-50.116679602461 -70.9837606904332
-42.4382044578954 17.6990242721978
-44.345251462225 76.7949880295188
