40   16.7782028578393
53.2396555474091 -63.6504112791186
87.4959146069576 8.03125065056619
25.345503753176 -14.6234222516224
-0.801506516937081 0.467330819283358
-75.1904996174021 26.519561969672
-76.6234595090588 -23.6866457417309
-33.1103570505093 -48.6681718791727
11.2409578121442 78.2149574814165
-47.5551941189754 -73.9801181242216
-88.3803220615061 1.23639121390368
-45.2656231596758 75.9131096404969
40.2803780920216 78.1751799799101
-60.5676588914096 51.8488857291876
67.1912025537944 -38.7839274381414
21.9419014532432 -54.636685575377
41.9139406402496 33.2560015870612
6.93010125571163 -78.2300443957824
-7.83383198135589 -52.9211130261041
56.5741514381828 58.1492585525525
-18.6615469459299 -23.3378572977369
52.3360091046774 -13.6201540899492
10.8764835325119 27.8354488800126
58.2927907309869 8.32706646260578
-47.6477757255595 -23.5377388783989
-30.9241174606475 50.7469881364302
-62.1062847141411 -48.852249760758
-22.0556979619953 -78.0687967732155
81.751065134882 -14.2682790472225
28.7943140684112 8.8290365439694
-16.580774921485 25.5825328046967
-59.4144847845851 1.39853454865689
-3.44761581365689 53.0334055625506
-30.4483288548601 1.56354314400494
-46.2252838139459 26.6827544920921
71.2121922196306 33.1269606493947
36.8004036583817 -79.7843594892937
6.75819690899159 -29.340477283991
25.5822127439423 53.0102261462471
37.9702873086135 -38.5008930439081
-17.8118002655392 78.1981838517903
