50   14.9940277459683
-5.8759725324926 75.2192423053344
-40.0142712419031 5.42546278933216
61.9095573518923 -1.05918933824015
35.3214582427367 4.04981172704938
56.3374902489683 63.2700373850913
9.92992120017761 5.46110729955918
50.1211306434704 20.4383717411001
22.9373513167228 27.6827762762922
29.5390102105028 53.9633857500185
-14.7936682163028 5.91713122600606
13.1009829915129 -80.6166549633713
-63.205075650415 51.5979578024546
-1.06729288806366 -59.5101489670931
89.1365704351235 -1.08534430826378
53.8875899662731 -62.7459321375332
-89.4843138667474 4.0974340951306
-38.0183847465548 52.0359252819655
-16.7033038916303 52.3759326018276
-27.0607880017613 28.7634702068033
11.388381173462 -38.017996093545
-27.7316674240283 77.7428038781454
77.9037857929177 18.2919640464876
67.5000796445225 39.5677635871776
26.1161846797009 -59.0961026602576
-80.8777746171848 -17.1597193756859
-55.3380993877719 -61.4048361756084
-14.3344937146758 -80.4823717887645
15.6877755997994 77.3573915028133
43.8386193681817 40.877852268231
24.1130531391326 -17.3430556251247
-51.964489491477 28.7636375466178
-64.5760553204126 4.93621662799491
7.80356610638567 51.0977569866854
-15.314272330808 -37.4551024111196
-76.8089189133286 27.83676875226
64.2339936091028 -41.7228994844848
49.667800062987 -19.6572278644329
-49.1507699621608 74.8590135588897
-68.3243094429811 -39.4055492575006
40.3437138295115 -80.0683254447097
-42.0676368634332 -38.9438610110094
-2.17309081820718 -15.9303139489724
37.4775563086314 -40.9677802903131
-28.0227107747066 -58.3989796899762
-41.2306592288192 -79.5054857437148
77.1484193127255 -22.2616330392545
-28.5227926762122 -16.4928225249963
-54.759134605446 -16.952635558454
39.8626480561606 78.1292474498091
-2.4040032397929 29.1637767469813
