60   13.6362886590381
43.6494635229995 0.602376405840604
44.0196172508323 80.7935208473839
-55.0736700379532 62.7393519644886
-31.3770476717723 52.5599834360238
-48.1159335486637 43.4935518838361
-45.2580358153295 -77.9797317277851
30.8680082085822 -56.1354835924264
-3.24236642597727 78.8291984864935
69.9435594038785 40.4765297005263
-67.7269976081232 -39.0963868010339
82.1246299113551 19.0807160072102
43.0667015443825 -77.3980707270102
20.0129256549705 2.13860739566474
-23.2482439961459 -79.1904254554481
-22.1032174389182 -35.4106154861416
67.4829773489969 -42.0326635419094
-69.599447211844 43.2288518681258
-33.6498721829488 -56.9322934616326
-58.4138316119453 22.9327758303818
-1.28672636667734 -35.629153024304
-0.681904818504524 -78.7104883383204
-11.9655672626735 -57.6630500831629
22.3379960824717 40.3496381708286
66.8252820305871 -0.693671913640412
9.42870879280658 58.4883573201496
-11.6416190590047 -13.0747756300155
-17.6171318736921 31.3766792961054
32.376198655393 -18.975267839228
-22.5091796030447 6.84527937402984
21.7220523022988 -78.945497838524
-24.5443007784515 77.4387753867113
-35.2525401448415 27.1501761795994
58.9783849134485 20.3226037517743
57.5055879562531 61.7247480233708
-67.5247131726738 0.640440564443058
13.0865784306308 20.4841239695347
-3.6715473305852 10.0767584322762
-12.5298828712353 56.0532645035341
-44.7356342677374 4.65990181238578
-0.631610446321679 35.6882247816612
-42.3212536309438 75.333768583665
33.0558714630222 60.6397219696355
8.12503123039629 -12.6125233293501
-44.3933732260112 -38.3342055554367
-80.2152208008828 -20.3594873676206
19.3664089821767 -34.6124600218005
55.8308481788272 -20.780000854664
46.704735935964 41.5838405103605
-57.7350355777845 -59.2631257892107
90.0649629599844 -1.79981742436918
-56.1324502859769 -18.0347067040376
43.9578197484842 -40.3877528456064
9.68648127183937 -57.4478999791744
-34.0943698459533 -15.5825721327632
35.822526179283 21.2807600277589
-90.8523081593633 -0.0996521132227954
55.6222378749117 -61.673885989583
-80.7827418678064 20.8858052562082
19.8219471126795 79.8738801160053
79.133536269365 -21.9139472143693
