70   12.4738277202476
10.2651497807183 40.1099017932821
-30.5955670530384 -79.5160012066154
-40.300675233856 19.5653644635436
40.3004292093826 19.5653573123417
-19.7722599260219 -19.5577689999961
61.0092941161198 19.2891025579069
71.4531075000334 -0.000102167603579062
10.1652928899275 -79.3732491993472
82.1274375447318 18.9336338486154
-29.8171110056971 -39.1232293107727
-30.0366374382386 0.000845122046097213
61.0082961974162 -19.2895939768403
9.50493092469974 -0.000483175795895185
-71.4528590911732 -0.00018565423325434
-19.7719347663968 19.559885842575
92.7947334783823 -5.57124418492094e-05
71.4211017984553 38.2201501099325
-39.5849033883863 58.3935187997825
-82.1266592013728 -18.9325635083538
-29.8164027381256 39.1225000100642
-39.5850908879609 -58.394234989719
71.421719817869 -38.2196905434036
60.5030509929676 57.7994354639719
-10.2652880381039 40.1097626497481
-60.5029775525514 57.7994694404491
20.4302406222916 59.8123929286602
50.5586433703254 -0.000331558628079875
-9.70444354031486e-06 20.5494891863905
82.1268410621219 -18.9328661840217
-60.5039457017556 -57.7996036909869
-9.50496453649757 -0.000387515989969334
39.5854767004032 -58.3943250725165
40.2994998005368 -19.5662821294388
-61.009421853536 19.2890510902399
-82.1274650864739 18.9336811833802
-50.5298195070195 38.8529516581265
6.3336200224029e-05 59.6703840378057
-50.5586052304568 -0.000440869127773524
-30.5957059989742 79.5157205046337
-50.5307444378905 -38.8540236021838
-10.2654772794328 -40.1095368392317
-92.7943777266918 -5.4677678711812e-05
-49.1867247416489 -77.3139857871821
30.5958986075711 79.5152751589128
50.5298695913307 38.8528911169599
-40.299355567806 -19.5664798950297
-10.1652380749292 79.3732426234877
29.8167398602897 39.1225633205617
10.265406043549 -40.109638232774
20.4302015596696 -59.812408139719
8.55716236536352e-05 -59.6698166876337
-71.4210960592422 38.2202284411661
5.40074970247773e-05 -20.5521554907768
-10.1651236991276 -79.3729355965128
50.5306236176885 -38.8536713138569
19.7723792640718 -19.5579660625549
10.165565180534 79.373485856545
39.5853677770798 58.3937444958351
-71.4220039168847 -38.2195692309928
-20.4305812144176 -59.8125693055568
-61.0079941485693 -19.2898515735996
30.0364656544646 0.000827586351380027
49.1869962656225 -77.3144645504889
60.5038023357491 -57.7996403075355
-20.4305945683679 59.8125952900548
29.8173511464634 -39.1232106186044
49.187293667418 77.3146479171845
30.5956318827812 -79.5155269843125
-49.1869798838155 77.3142636491015
19.771738034604 19.5599293304498
