80   11.6374345932917
42.3446321339011 50.5943753262788
0.000352554400381955 -49.3587437163907
42.3457696833712 -50.5964373102669
42.5666333614748 81.6109681564414
52.4489264993885 -33.9606680718211
-42.5692252870034 81.6130631124465
42.1603064343784 16.8562642245031
-53.1123402076957 -68.0159684376377
-31.7561404111297 -0.00575283844574281
-53.1108820959313 68.0147739890058
31.8235599721105 -65.3630297498116
-72.9382242222331 34.5467302310675
-93.2757141381547 0.00143450506270248
-42.1604321842484 -16.8573798161072
-10.7478017528306 0.00430035134674922
83.1949697087411 17.4427001039982
-31.6690781547801 33.4946786006042
53.1124255658192 68.0174799546403
-10.6253568884045 65.741935762783
-83.1960281338165 -17.4415125252082
-52.449216336418 -33.9615418487543
31.8241699851419 65.3639033542527
-42.3436860456865 50.5923584075994
-21.3705062830122 81.991974518574
10.5144381031154 32.7296822504368
93.2786871768605 7.50110875671339e-05
-42.3451780490653 -50.5948920915742
-42.1587527423247 16.8562807253203
-62.9393657190157 -51.3953959639781
62.938734616543 -51.3948920301881
62.8360916468726 17.1043802937922
10.5153385504131 -32.7301819199123
-10.5100985216796 -32.7299654151995
-4.90280766394235e-05 49.3604231009556
21.1388112519937 -49.1136484137935
73.1068052157371 -0.000516503787524769
-21.1383041559134 49.1150131087964
52.5600915066248 0.000757550336217161
62.8339815721588 -17.104307555365
-10.6251370408322 -65.7422628091525
62.9370640630567 51.3961127309047
-0.00114224627973414 81.9897766224476
-10.5099009852424 32.731487986661
-83.1927808184691 17.4416183402217
21.2517095469132 -16.6422844000886
-62.8350862388615 -17.1043727675167
-21.2493118755803 -16.6461021264133
-31.6685414337108 -33.4977049155135
-31.8224043415132 -65.3629287681539
21.2517868421692 16.6419851104962
10.7447413698774 0.00033031564641739
-62.8335258446011 17.1044019833688
83.1945927339646 -17.4417445147611
21.1371291892098 49.1136983934783
31.6692255145483 33.4977146178371
-52.5563734504683 -0.000201875291217671
10.627400454359 65.7427117791886
-0.00240502927821762 16.1007398521805
-73.1026197311659 -0.000727544096643218
72.9374240102265 -34.5454954376648
-0.00148299628261039 -16.1013843762616
-31.8231173554763 65.3652223141997
31.7568452672077 0.000515151831516292
72.9374650075261 34.5475675182481
-42.5678811077028 -81.6112699262599
-21.258257509856 16.6459268806307
21.3685653095308 81.9927707183588
-52.4504392588423 33.9608686163922
42.1594014016953 -16.855621538646
-62.9380455643015 51.3962891849974
-0.000721964175372847 -81.9906040245498
52.4496702987846 33.9598508574489
10.6262089474137 -65.742186650561
42.5664667158103 -81.6114470646758
21.3687570289476 -81.9914131323297
31.6698709344565 -33.4983547489545
53.1137511762875 -68.0176923613829
-72.9374952967792 -34.5451494666642
-21.3702282376471 -81.9914763429602
-21.1379515688012 -49.1135478408456
