90   11.0077548886928
46.0639277129768 14.6649893901938
-0.577129349423434 63.8723579962481
36.6224920073379 31.3552100141453
-27.0845436068194 -80.863887157089
27.9856821336122 13.5407023435613
-46.5558260885121 47.3074280424397
-27.0590941973825 45.5387435549865
18.131854324888 64.1210120316819
-28.7546382862506 80.6373139416497
-19.1334623120727 63.7350203979409
-46.3359501632058 79.4065873193014
8.4225321749982 80.7756121141897
-45.4127600700524 -18.1637030491732
-74.2983838807711 -33.7354149921574
92.4987435619139 0.19717910266556
56.0323544282332 65.2898140924951
-8.45770263011218 -80.6094821363498
18.3702710594497 29.9323086608305
-55.8923916048634 31.1036175981151
-35.052059505967 -33.8329343666303
27.2087112004228 80.9525725006623
65.4013396770006 48.7074862669968
-54.6458365762069 -65.5150783017151
-34.5325543370864 -64.5739775701519
-46.0832424194387 14.27071675422
-64.8525110547649 -17.7763682036436
84.0343824789314 16.6694558325069
46.5699574485329 48.4572924675726
28.7732897078323 -21.2429643167564
-36.756876551155 62.4384867722685
5.02254957319928 -36.5107036177837
35.0552071292911 -58.3702854118826
-5.97911192360572 -19.8989761460697
9.42431716123247 -79.7929595136901
-84.1472280771418 -17.1178437992339
74.4791009929298 -32.9443025386742
-92.5859761301808 -0.315597652303921
44.7478170741564 -76.9285940228178
-56.211371795015 64.2731865512189
73.6413825729213 -0.113254631956705
9.05284280988966 47.1904810361827
74.0504747639838 32.3428279733994
-64.5455190301924 -50.0883487730023
28.7843331821496 -84.0650820245795
64.7243338589177 15.5096419865167
55.1168915585324 31.9148746580774
36.7974048434164 -3.13251770147846
-45.5934986796517 -80.4316568743259
-84.1085465665192 15.7041322410265
54.6045247838437 -1.68976773971929
-27.0279631521325 13.5581031325401
-24.4694833595869 -48.8318303742865
25.9558053267406 -67.9122637788889
-16.3954702726471 -3.21281315638997
-65.4997548258245 48.0554648603221
-15.0506478617773 -65.3225352938785
48.5383285328954 -49.7064364527449
37.871113747825 -37.9362101447985
15.7200557636902 -52.5832327542859
27.3891784585124 46.8616572555199
2.81227418985071 -5.41430891915666
-9.40708960796074 46.8805559157507
-44.6538647514957 -49.5913676368838
-7.49419673088309 11.8480750544501
9.83957049507129 12.7127270287454
84.4680892378201 -16.5660519394758
-35.4667509835565 -2.49975820042289
-10.2099154288822 80.7031209451097
36.5299075747251 63.6945552982427
-74.8825494647538 31.9031788158679
-73.5627402694534 -1.1778408490669
46.600165411037 -19.8238243912788
56.63173528542 -34.5564346062466
-54.5277444850114 -1.81170069056355
0.287487916664913 30.0384300825675
65.3409172655084 -16.420627480209
-4.66399307742734 -50.3298386086642
45.7148752580356 80.3491554162514
-25.5597964467712 -18.3640379573895
-54.8481263845781 -34.1237830967229
5.12065533862221 -66.1278770536409
53.9219817071724 -65.7855392703776
-65.145787504155 14.9562910094926
66.2764019015042 -51.1256657546805
24.2453173419566 -40.521884744001
13.2330000183416 -22.9053308950214
-14.9521222949552 -33.8635524115153
19.2625235837554 -4.09361513207294
-36.8980012109614 30.4062901375903
-17.3726803428319 28.6828828921015
