100   0.795084164559455
15.6351048428254 10.0472222156978
9.7565768318506 2.88584762772187
12.8836033262694 6.99710633051399
18.6399317428933 2.90011969043647
14.2313760663461 10.48896160955
21.1895066048422 9.29280503408871
14.395191258235 9.32360421525363
3.82990157118319 10.619564501577
16.7370106608658 10.8333761442186
8.91942341826593 3.85976312409476
7.52599182920182 3.28243329915298
14.0256758259732 4.14002836226543
7.98899677434533 10.6086271770643
13.1466891506215 10.9647417931882
15.9949838857482 2.54784608527472
15.3576893221007 11.2769864442936
19.0397743490846 8.27510637736949
11.1741561082519 14.1270957242017
15.9825360543929 12.1448097760282
20.455066457825 8.28650833049934
6.62131654855364 3.69712916401507
9.40200254708821 11.1593329000589
11.0285916787664 15.6665002610058
3.648435039408 7.74452843881339
13.6522809700356 8.28013459696488
7.78247729629251 4.52064233818483
18.8980011647138 4.21668830516147
17.7136049144959 4.06803439231341
18.4556532971535 6.45931693148863
12.4251307117839 8.28591261774233
17.4261268947579 2.72276111473761
17.7976606123535 7.62554517814075
10.5752342176338 10.2984926843444
11.9607623646283 10.6013752688065
18.1345998651646 11.2969867985062
20.7832447099293 11.7138475068318
8.01989711249167 7.12757004656711
9.20247124637424 9.98613433520121
14.2901628256743 7.41556594019652
13.0287292484453 9.58363972216072
2.66588335663171 6.80566012902415
15.5275101327505 4.60135113869736
6.47544978024519 4.99808357728345
2.67698273628787 8.74210942987857
8.4815365548366 2.56013198517587
13.4692911719423 15.5745874531477
19.8121725228828 9.43543550128999
11.2274221137248 4.63326881108497
15.1165792372901 8.16886353556488
3.85194099421943 6.6505051895443
6.24776584992522 10.9890006520434
2.15333110277111 7.91379880654343
16.5949866421878 7.9660617005494
14.209155572714 14.3704356606475
2.65054503935401 9.84503872536475
10.3001260104875 9.05816378159906
18.4153461848348 9.4586572632932
16.3988287242538 3.62761432612358
14.9877194872989 13.3183492702474
12.045333958275 13.0311770718754
11.7289142077222 6.92531310530613
8.02219409050798 11.6436689222417
3.99966278912798 9.35955059043955
7.26142287691417 5.87112250134943
10.8299067079338 11.4429462868129
9.88207204397954 13.5077683231102
14.9106367013277 3.46428896993036
12.379519338504 5.62267874839911
16.2428156376173 13.3783469653681
11.1751073037746 8.07025070561749
10.817594082193 12.7239093862109
5.17742729478321 10.1483871291725
19.274602758862 5.55926755561648
5.88022492533364 6.32618122304441
4.73225523155292 6.14370240643481
12.0639954892074 15.0761519192143
15.7025737031275 14.4008053691384
18.5955552755606 12.4784545516778
8.47028625892561 5.78441390477689
17.5831000938709 8.7239452814172
11.0760660206685 5.85723424026245
10.1230554440667 14.8310404127135
18.0606968512845 5.43808106956097
19.5958077498269 11.8464008257374
12.3042595491279 16.289085003431
9.21548962330162 6.83751454695006
21.4890935291476 10.4606954587222
6.78867093618905 7.19052433830386
9.80005302222924 7.75480123743263
20.1887656449543 10.46570322558
6.9097707642314 11.0564656808805
14.8063874827816 15.4401906627129
13.723796195187 5.12086577625783
17.0179382815287 6.52906223995787
15.7860550911962 7.00089737010113
5.07510076880455 11.36608177805
11.6740495588584 9.37493896979823
12.0798964707908 11.9623539833156
17.1761729077334 12.1278493872468
10.4711829987024 3.84411301586119
