200   0.543853613353226
15.0766173739734 8.00809924485035
15.2123632318927 10.0700478515478
11.0585536964957 5.98174915525328
13.7749741275623 4.38429977163918
18.2871496296871 2.77456614508634
16.7951365072507 7.69746306579539
9.60454962942639 7.96948963304307
16.1190772370443 10.2838163675555
11.0612347797547 8.72381139996974
10.4518615701029 9.57034477788211
18.3658285597184 9.4161908110752
18.5558360727341 12.3487967497061
18.0676209589299 8.60333732294583
13.5339689446687 8.16773056194161
19.0306468890936 4.20543864293426
7.84763598880593 7.24098064865401
16.9936747226822 10.5731470537829
11.9457267821981 8.16287452306389
7.13969897209366 5.47078452682625
16.4687842100471 13.5842157775263
14.186067673811 7.57920572812856
19.237488191331 5.90517099435035
19.8003300634762 8.1320761632077
7.29681531177895 10.6595243869377
11.1064955935767 11.4370198865579
12.9172600093881 15.3630100173133
12.2525409726899 16.1976002974208
12.5320862875273 5.73658100700407
15.0313182186206 7.15271696995324
3.00507685196308 8.35881222815149
11.2522221405101 9.63531428633528
10.5914692359445 14.5290604432149
16.4433399557581 11.2464168402608
19.928146707651 9.04398477412322
11.4220694453079 13.9793585100766
9.8915334328616 14.8950504188777
20.0685907693698 11.0691295313052
11.3103731584468 15.9593530742487
6.47438954907808 4.09864494395243
19.2320050413069 9.66339893011061
5.57524623623626 5.82288722214045
12.8565982511392 8.62190656172748
18.3500086242088 11.5598908754504
8.68665026334517 5.90397942694158
10.7718816851133 5.07841220104236
17.7714946109533 7.96120196018857
4.63961714176677 10.0334807341401
12.5320459226365 10.4203051805857
15.5424173664604 13.452896961889
4.61213928973471 6.64210665503223
20.2659351531885 11.9077786677169
6.99162522866903 7.41886181602934
8.34781605455425 6.61999658410842
7.31725598034825 4.5633709353018
10.3095500262661 11.3265785466213
11.9237927387604 6.21534476548971
6.39442511876422 10.5838776999387
10.369748240763 4.26515073061837
15.9028358129846 11.9616783398273
18.676031327612 6.54324649890819
11.9660106911826 13.3353086397382
10.178811894213 13.0519170160257
16.0325162644968 8.19676202557122
11.5515381960215 10.5947068854305
15.4225427816874 15.0980368001664
9.17207531880982 2.69049709722035
14.4217032635679 8.53052475707693
18.1892723790551 3.72936468009121
15.7918449076798 2.93963467276816
20.6761772998489 8.47613456204034
9.55494660867796 9.59008115021646
16.6632064319605 3.54888778678713
14.7470522653258 9.29897168204166
16.0100553032467 3.86053877283985
12.0252459066951 9.79611195530614
10.7487181361028 10.4755065778884
13.4019803368696 10.060413961458
9.42386461569622 11.2240119502098
2.84851104745298 7.63536570727462
10.6299927568596 12.2874650162844
9.90915096396617 10.4220422871858
11.207588524977 12.939957275015
11.3385103496116 4.32201205909914
16.3034025672532 6.8256156162604
10.0089557817577 2.82330202536471
8.97530759184992 10.3825402603272
12.1125152686307 7.15084440271041
19.3118691916214 11.676259288183
8.98437405484853 3.59846690452815
4.5608128140863 10.8984254470624
17.4480264718347 3.13174187588701
15.8201457212644 7.36734494339755
10.4842823477224 7.941866336513
12.5472758975583 11.879228521908
5.25302960100667 11.2909573637583
8.05294207874224 5.04892093449224
15.0916083188391 11.6935445551731
2.30202037239052 8.87671550302307
10.7019847369273 13.7061211918962
13.3996545488655 7.15027551003632
3.63696360593593 9.89697645052428
19.1023519503412 4.99304403691759
21.4716886776848 8.97924340823377
14.1215900062311 15.7280768209609
17.4803068908125 2.36701597450115
8.86104547594821 7.29733103215579
17.7572687931988 12.2132986773816
13.1989934067026 15.9619348084457
13.8546624476567 10.8791229021872
6.90214451927681 11.4596101808208
21.5591117386714 10.7707116630084
5.60894410487841 6.49560051567514
15.3393196465463 12.6884657873369
11.9525689872047 8.96539296083682
9.77519224303047 3.54939362924148
10.1462892383279 8.81106442427183
20.7201254249406 9.46049861373106
17.430704948751 11.2910538091493
2.6287391367509 9.60395074314995
19.4947673325763 12.4967400544052
11.6393533933442 5.26141485924018
7.30069301649238 6.50678394171495
6.61901175634168 3.31961177676936
14.8144792343091 4.38561556884476
18.9567422753508 3.25488190366896
10.7629256970706 3.51485115099827
2.98035667101805 6.70976008669499
2.1203088562761 7.10591702171951
6.36294968610072 6.87112413947492
11.2406891263688 6.88836408016762
17.0039172096494 8.51669926482674
8.35411488686235 2.46254698013473
14.5956825745481 13.3640699496773
16.5385436715656 2.66484097296477
8.29951990401358 3.30034597084471
3.46236650522498 7.66078630614918
9.80430583106994 7.14351200176355
20.0186347480344 10.0451886965453
18.3570175109381 5.62357298195642
17.6069206952574 9.20269663653351
4.33745681288584 9.2558333182943
11.3330230221112 7.78338444064772
13.2052605529495 5.07345991271438
10.5972662105075 15.537784249437
13.896398143989 5.31050850235731
6.53334078613466 6.00047894569851
9.77537987840763 13.9224382981148
20.8741416514412 11.4202700362581
20.7560079466877 10.4300667364783
14.3010596990297 14.2784889153844
11.6000723702803 12.134926667418
16.8660216585762 12.0360132063456
16.8345793665766 6.22784443989924
5.46895597198381 10.4600993850339
3.07084924321737 10.4302747356742
15.9581038536922 14.3369529435671
12.7481782958651 7.74713664644873
15.2556279922343 3.84653259531588
14.6776444423021 10.7701799416239
12.0528367179049 15.4080852098885
2.01324189893878 8.04832701142471
11.333713551788 14.9396450741366
7.46268357022029 2.87645031085635
9.38128895881687 6.55506743503931
8.18537920892303 10.5762781017299
17.7801262771008 6.35936899777576
8.691875717104 11.3733740963784
19.0430040446334 8.72833138646579
7.45678531776819 3.78765100030222
14.9149036794275 3.09358023147386
16.3129391931646 12.7893682767002
3.96828181316591 10.6875688106905
7.89043414642231 5.9002722202459
12.0636549166839 11.2664182638955
12.2160351670291 12.7715289582882
14.2237838906114 3.6856748598677
14.2338941036369 9.93260978621155
18.8120558400518 7.94115891085717
3.85955759080515 7.09433821576964
14.6757923516645 15.1882790546165
17.433357435781 4.1096937191954
18.2628256667921 4.67976247895156
6.1099835106616 11.2979276928649
21.5131478064698 9.81166922099253
3.34368279991571 9.09783635730847
6.40362165857327 4.9515293730962
12.8397834958703 9.44528982003379
13.7424780511562 9.11265652820793
17.2750254859848 7.0956097785723
18.1966305267453 7.25714845485137
13.7983037710751 15.0851441346765
15.5874409765526 10.9938658655745
8.29382627008336 4.21141510438808
15.0358592739728 14.2151744993674
13.0546844808735 11.0356709365096
3.73350133243614 6.16620286892517
7.7956219536531 11.4706982938223
15.8183830713245 4.67061884822766
12.8143676334131 6.6923361591831
4.63739172596923 6.05108663010303
