50   1.15714544787321
18.7848158541038 4.37034380671834
11.012911382755 11.5558407890428
14.2109243573897 3.71153972238196
7.08892649761125 11.0319620103207
10.7101144135923 15.1191988839674
7.84129212565693 5.16572732512302
18.9794256484467 9.58886352931998
18.7284087307705 6.20491766457642
7.85113162055336 3.10122406646189
2.63969846248223 9.24492487861245
18.0930662685291 12.1664009417311
17.2722641997521 8.6233018028295
11.3786664694716 5.69828691416202
20.9715394785907 8.93736165031272
17.0271224968104 7.03011040961097
9.01897302699131 6.93375504976064
8.86764019964878 10.9781359776522
15.946992119425 14.5117730231141
3.98123002410476 10.0838651174888
17.9478563733264 3.18721922413998
7.03903085443139 6.87072312364083
13.1921916259181 5.58139352503942
11.7969250109597 13.2102181272863
10.5972954666159 8.33112462993996
9.95502276231763 13.5123211700625
14.8415087461154 13.883971362165
16.6479626500354 10.8942474442081
12.1405003872454 9.62934919406383
5.28399654948737 10.9482073675578
20.0006621662641 11.8793294909126
12.1922043434444 15.8299088262842
9.18186090272045 3.31231455037302
10.8226933644869 3.76388953379051
6.69635299200309 4.16808212082833
5.68943202554242 5.89744388658575
12.8716901600897 11.2714694542719
16.1354087769035 4.23663166346033
20.9978911896794 10.4925286365902
14.1010117968957 15.4329385054843
13.2789216728138 7.84369097404504
15.2105983587485 7.70353308311674
2.67924894176439 7.67442685573831
15.9709221146421 12.634997178305
10.2263063509674 10.0410513161299
12.0929860910091 7.44565857672161
16.0921695198922 2.56521990915644
3.79803276646633 6.61796215109413
15.0228507813766 10.6838447285177
14.1149455979676 9.54911469092483
19.1129832357407 7.88303028513573
