100   0.428740337538818
7.30718255107045 7.95716298011286
2.37447845291043 7.69650947997927
5.98246746948672 5.16526912768059
4.55979305609044 5.09912369836234
1.98194158283499 8.40520703686459
7.82436462363046 1.629554760135
2.54509017608098 4.64924436015966
4.18028262854864 7.1122977132119
3.87216813607678 5.10179264022927
3.3928858457437 8.40315805616049
1.89844570439138 5.85911818674923
4.8920811669703 7.13016891948404
8.345363750728 7.33051391840959
1.59649984859498 6.48007929579673
8.89926684193627 4.60748185772293
9.10725090791071 2.49747328029072
7.0032998094432 5.92749118636673
2.74054125227083 7.05882124573607
3.8157512138143 7.75270510430155
5.94300479874635 6.50681797913803
8.53222343867482 1.35738336215824
7.46015051296145 8.60369741184502
9.37316597217849 3.64746024608936
5.91168696895569 7.87904333854472
1.76577550335575 7.66659703457849
5.24733269097479 6.4661820361849
8.48146564521654 2.04117702689309
3.84097191709445 6.42603473081688
6.31010688975899 5.85215628432358
7.10343872825911 1.36752225493174
6.60358786175427 7.92089273478982
1.58256519378553 5.30836535312436
4.11016808128494 8.4211366069828
2.15557955992329 8.90568249199335
4.818928535493 8.48391548659112
9.03429076591326 3.09810890669801
6.82468250851664 8.5952445221804
2.37475444177335 6.4148086654346
8.22371184265742 9.49781372529494
3.68987132882514 3.82912657757788
8.71032474389154 9.00733606207385
5.60359685996954 5.8196945568783
1.7836320893931 4.68288214728088
1.99544670766346 7.05254782211694
5.10669484860292 3.75769829249165
3.46917696219698 5.76286565549206
5.58377835964898 7.16463434771408
5.84451391518926 3.41666151566752
5.50046200496102 8.53977894918981
7.38141518978652 5.28085106617229
8.04686930023206 8.73208954055939
3.10845873808902 7.72087525016349
8.00620618070609 7.98329164262521
3.65092625346837 9.05075646033531
9.39414066613105 4.39931768081557
6.18960436981566 8.57737087130996
6.69815239825806 5.21324885399645
5.26818433962956 5.14343497457739
8.6556116938695 8.26774630294353
3.11459397764731 5.17881392692185
6.96251504412213 7.26625357521274
2.90397634515778 9.0059526376331
8.87743828585406 5.30786948388938
3.46470771111746 7.06650792513548
5.06639995125233 9.18872431617419
6.62701943150776 6.56663483609265
2.28796437553787 4.06200827726242
4.53845839611472 7.78871772958524
4.53900277097758 6.45367815698845
9.54771326005663 5.08271401275623
8.67717097795274 6.69549355842962
5.2336232332234 7.82855315698721
9.56197318648623 5.71905133030321
7.03986913632465 9.3044947293767
2.69835759884552 5.81826819745553
8.80079643294308 3.82505915680262
3.97392226938973 4.23103592763073
4.42723194656623 3.83193046327833
4.8844809553537 5.7898731820993
8.79991540820769 7.76763017336774
4.18687566687298 5.7628793998164
3.11003516336828 6.40440299000735
7.66050510210403 7.2937248540045
4.3637936021053 9.104146321203
7.60167715963254 9.37602368035958
6.42936706542395 9.29717082354711
3.31168232945419 4.54714241503523
2.66818175628378 8.34043291728248
5.7615112907713 9.23567206482396
7.31811383127385 6.60279254539467
6.26581701132424 7.2212950451146
9.39023794550175 6.46286814340876
7.7222287496339 5.95748468262122
2.97051366427467 3.99108269667895
9.03099939298288 1.7115132982269
8.86313759784714 5.97535529218259
8.01356268443811 6.62642489769317
9.14100791942267 7.203309731335
1.65256216839771 4.18249753353302
2.33478492713624 5.25934642288994
