200   0.298079942307275
7.82796926296375 6.83161192062127
8.43568969883762 7.64519159655006
6.1906298797139 6.95702699995969
2.5177095496729 6.21792160277303
9.36553340045896 4.14884643108054
1.94873302195401 8.83713239127298
7.90457323640772 9.53421431632746
2.50315706028297 7.17308253459427
6.36623927697041 7.66323038975566
3.50336966216524 5.34329433041514
8.36040812204731 6.81853322798211
8.79984981145839 4.86015859734404
2.3526642831573 9.03008720635506
8.77397428336609 5.36884592781864
2.35513044260287 5.70650818972687
3.24063033631892 9.0510546094098
4.33779069708946 4.14658370409428
4.45703310617978 8.69764565371331
7.57351516416952 7.25123754699983
8.20617062569997 9.06536828631269
5.94695052971066 6.48689197781092
6.44023399873622 6.49642412889925
2.8083129485742 8.15722928903583
5.97440290528672 3.40247566647914
3.00751441208462 6.24995015218221
3.1205876527162 7.70382107887882
8.65944549188277 1.99813492180103
6.00742117114048 7.9545991211362
4.95333878412198 6.42664713505595
3.23010219582248 4.87793544678215
7.53359300143842 5.51874203035175
5.5025184520005 5.53646347699932
4.59771143219315 7.77417805448971
2.6274141491412 3.95108495316242
3.79928364806364 8.19864707325261
2.12895948048436 3.96725456980721
1.5207246401727 5.30330385989354
8.1148611738573 7.25652867988724
5.99594791872604 5.56160673947284
5.7252445467459 6.01330310159929
7.28399421537168 5.16158366420794
2.65957725984859 7.65480486717416
6.27110909534104 5.11323800210023
2.7940456950115 5.76774892942368
4.41652259324608 7.29953292235436
6.49723478016572 5.57639453532232
6.68888272130597 8.55215948414655
6.06671149715476 9.3702172206638
9.21229486658507 7.1052621736587
8.87830568904684 3.94450142563174
7.19430534842115 8.52552118584564
9.22006137419354 4.67892404564145
6.21571159120968 6.02702822859245
5.09353574014698 7.81372636327475
8.76940163709179 5.85985362034892
6.4779033296634 7.26271287810673
5.42044394430266 7.38040603642312
5.0076771878392 5.51140491885279
2.52579930795717 5.29258524999516
5.23384317406864 5.98728574003153
8.66100295438622 7.20907196220191
2.72516405438548 4.83362621543712
3.43109529058668 7.25741812955971
2.43010671600056 8.55127548819693
5.26687402709753 8.28123888723902
5.45203501545582 6.46582163656416
6.71443531390197 6.04495619775868
8.46001976286012 8.16306331405178
4.23046857346478 5.91646560017297
5.59174822089149 7.84198097217818
6.18541557009015 8.45632234795011
9.13922576821649 2.04517263773437
7.472153102443 9.4647594366212
2.32233518898797 8.06065925897023
5.87822298387628 8.87653094759886
3.42161281439487 4.39398405962873
8.93237442190932 8.33888796501085
3.76563237780049 4.97620004282423
7.02927170804329 7.25066484728354
5.46143510767397 3.6395711776974
2.96906401255936 8.57602584754248
4.50485842459951 5.47677075550554
8.88373384357556 4.39658682707437
3.68980363801241 6.79593618577517
1.60992653203564 4.02406412259619
1.71291017010922 5.78397308581217
4.27474783245625 5.00183984810589
8.00727251785167 6.40508063095396
8.88656269145086 7.83593959670096
6.85935776572094 8.98013692436413
5.27496205745175 5.06214022918489
3.22928822286958 6.74925919569639
3.92044666913289 7.27043901687924
2.27777511549337 6.69031785724874
3.71954768832246 9.11865505863506
2.95225834719094 4.40397028006599
2.20630490095113 4.87346152835884
7.47843924812354 1.45286575057832
1.63404452286954 6.279344382044
8.8761106311236 2.49419436321859
8.35274142427086 9.56992406714398
4.45257349317399 6.39028846908992
1.9614671765935 4.42666201770262
9.60084295907902 4.56930413131675
4.20648180030751 9.15954423730487
8.90051388733312 6.76046341952792
8.99664960334626 7.49929870688038
5.69270822890662 6.94013166846801
9.66287996408222 5.5571747655289
5.69907413196195 8.37466383894359
4.77726655183004 5.03797476265034
7.77020867809051 5.95498877192497
9.13336791619829 6.2458075370061
7.70080417994031 8.50719467941215
4.18776565620993 6.82289744217656
6.84640516661486 7.65391536398509
9.31720359870724 3.17546253543809
8.03581743891981 8.04743161063594
7.28403312613791 6.83172631096546
8.0146632235077 1.43514163420774
4.76948255430091 8.24907688868675
4.66008314626901 9.17322743802392
3.48230262702421 3.87948758429571
1.43500205503348 4.47262234043041
2.15652535199416 7.5767830661447
7.01541045617546 8.09519479013519
4.73288126826841 5.95073054442583
7.81319348148855 1.85974216097708
5.92541381185931 7.41007414368412
3.97707496031895 8.672999675152
6.94524210689934 1.46342791800883
9.21489501957939 5.71100057674304
2.05260854919929 6.3728581790447
2.8261345795794 8.95739851912216
4.91852598398847 7.34614527964545
1.71412525458553 7.36876534513992
8.69648321113951 9.18112882805498
5.57721882810429 9.30631126807635
8.95043417878318 1.5509944943485
2.45993177855425 4.41050645074142
3.06689756215201 3.94077273925024
5.19065466842585 6.90596607890759
4.00310651901396 5.44131268727322
9.27001450905755 2.60797087075019
4.28455799954533 8.21715172489159
1.68882253737763 4.87141658890493
5.7728668501428 5.08885966090807
8.34253731978164 1.86649936703639
1.80442930611763 7.91947903729881
3.94630709075182 6.34841262045819
7.89324577524541 7.67250720095982
9.22388736859475 5.2090269092004
6.57016396365935 9.43173181384802
3.47679974294204 6.2879155833143
4.69219543350776 6.86683837013021
2.08260137408556 7.07393454961629
3.83215155489557 4.33901908985416
8.60128879953385 8.69251838410353
3.01272972376502 5.30614187279464
3.30201460801175 8.16748223060214
6.98130352440727 6.42693597607426
3.75275372937907 5.84100506106596
9.39518041216095 6.60501913535434
2.06741281971696 5.88565027653946
6.37220365396306 8.94966155346114
8.92387235310626 3.48308807187287
6.51659719230449 8.10992191232395
2.75344082275716 6.70080151781219
3.48204454150166 8.6385575111817
4.94854613800233 8.72051562311775
7.33990156617199 8.94889670420504
7.04737405189299 9.43106747537168
7.50231514434647 6.41645698053059
3.61638379173613 7.72684377744723
8.54484974081712 1.44359162065577
3.86064325766146 3.88803749170374
2.96484579702456 7.19999544505963
1.99591089533321 5.31447007067579
9.38431589059272 3.70680493396218
1.72659858924072 6.81751651747619
1.9266752216761 8.39502643119068
6.73411439235167 6.84592651620877
7.25787946474205 5.97947400230087
4.10408364752956 7.74238102513724
7.78254633234165 9.00827609418232
3.27490574134768 5.78914488337227
9.58374383729463 6.08194421213123
8.13542441087486 8.55520387019832
7.36109676008128 7.66462303317514
8.65807710289899 6.37212055473383
7.53240534710027 8.0861372378667
8.93347445029804 3.02047791063263
5.39638165929004 8.80424197178019
4.28698038645198 3.64010718149384
6.77669009849438 5.12964507747522
5.10243083991875 9.24723577336673
4.98904361735725 3.69118820230497
9.6103382442473 5.10219716808746
4.68422846386342 3.83207483319356
6.99866703867735 5.59832709908103
