50   0.620131382646566
3.7526742460371 5.99789727551481
8.30739790227381 1.57354528145515
2.79678093934019 7.79840850858755
4.74839049378736 8.02392925569987
9.08659172983497 6.53070688617736
4.78271552780699 6.1048350626023
8.49827650803836 8.52785991006917
9.01211077978177 7.58361046685528
8.17208082309913 9.31453851143675
4.2185964488888 8.94618419134877
1.77025459253087 7.85191902133953
9.70057748973716 5.62286499650788
5.25199060963557 7.11959001527649
6.31768751084162 5.28680509339138
3.18693318965567 6.8911739194808
3.24988928864786 8.85400987650562
6.73981984549547 8.27011664422256
7.20719234451582 7.26415620262586
9.08835371793838 3.97352763235039
4.19848142798004 5.13580543403269
6.79223358373984 6.34091028978292
5.80683200825892 6.20514159550507
1.77067442747648 4.33051735942718
8.94295467074459 1.88959899308234
2.11589461669899 6.87680941416503
3.10128991004652 5.06972564300122
4.22341740089839 7.0108663521638
3.75895760272497 7.89730994655297
8.63552240230338 5.57259987034263
7.7004904318235 8.27851108891008
5.73666825898384 8.17308481023706
9.21827601662341 4.72541771064521
5.26948795210962 5.22585985843354
7.86572981872578 6.34923816584022
5.6542549706275 3.43744759768148
2.28114320070877 8.74472250626816
7.29916373893537 5.41554297263613
4.58707104304413 3.93072414190811
2.66464402727713 5.95133560820544
9.1350378870529 3.00122851549938
7.22842547461834 9.28652309035927
7.22338403374724 1.59557115821217
5.19943363908131 9.08160524131263
6.23993809763267 7.26003091262935
6.21514381115425 9.20137165238721
1.57961069365473 5.97302244856616
3.60429368558107 4.03809407816152
2.64273943850812 4.16685656396777
8.22131355148186 7.34593857127453
1.99607090905509 5.05363854610313
