100   6.46793119888884
88.9952842490693 44.9408533045602
26.3757603489549 85.7910017902138
67.9487583273734 44.9493993934866
47.1624764479259 44.8252408899211
52.836298656707 34.5458093304831
32.0757388501079 96.1387397159406
73.9701288721645 96.1722422723449
57.740575669172 85.9637805161063
32.0592185704611 75.5887428034606
47.1635702188184 65.4542064660133
11.0447224112307 75.4608572480204
89.0034618734513 65.3852784913357
52.880739849284 75.7615606017907
73.7376504623787 55.1440198412083
0.517156628954265 55.0346893618116
15.7588983302728 44.863992777157
31.9485932253667 34.593072123659
32.0514788680902 55.0505677911429
12.0289985356794 95.6415199426471
36.4688721994171 3.81152733814343
84.2411515703736 55.1360872693352
84.2013278641143 34.7184822885212
21.598600421198 75.4749462371653
57.4638077495329 3.74749325034175
78.6315761543017 85.8847547844666
0.528144823150116 34.5925907210913
99.4584564870985 85.8759795441292
21.8473576974066 95.9456344692028
99.4828383016889 44.9651934098219
68.2030876629952 85.9154198295412
84.0967752478402 14.3392763357521
42.5362177333445 96.2523725241326
57.5663404793952 65.4874686765145
67.924413821951 3.86121756315032
42.4661200506962 75.7121050300829
42.2593283686235 14.0360119766785
21.5306545890452 55.0825966176703
63.5309567125805 96.1883978202532
15.7174351114113 24.3892020504368
67.9406892154321 24.4112115559883
52.7566452875803 13.9720175165608
3.62505449427408 94.6434046907816
5.25252366230579 44.8131946143403
73.6241250304706 14.2089113817897
0.541521951773142 14.1240262447682
15.9034309532392 85.6606757440941
99.4718381622375 24.5486909975589
99.4719305246508 65.4071838516684
5.24226683556585 24.3577535850815
26.0297631492431 3.82791802274156
89.0503583124157 85.8731122140461
21.3682878052275 14.115398831059
26.2624537332656 44.8561412751528
63.1944845515247 14.0539113040798
36.6339809524154 24.3187218520121
78.4014282867091 24.5247641721738
21.4805020320998 34.634121709964
88.9551900298476 24.5392762485924
31.7968371968765 14.0846673806397
42.4659541589197 55.1002182811489
5.20510570687475 3.8394020993361
11.0046239786551 55.059035120189
5.26160327228991 65.2435161896283
94.7474353112001 55.1866307274336
94.6911081580467 14.4077967176272
46.9432845750416 3.77936480150058
52.8376271696977 55.1749264281178
5.30892090267263 85.5922874838154
47.2433872955501 86.0279289742994
0.528259149830407 75.4514428501425
63.2199127125387 34.6368438604145
57.5338210693428 24.2880414060037
63.3661322476145 75.6812196925853
84.3867946226409 96.1577325761642
78.1527029363788 4.05451936955612
78.4693881221939 44.917486560137
47.1192533310633 24.2382603305279
73.6579106300391 34.7185648724868
78.5195807125918 65.3660348989271
63.2402937454389 55.2080474146686
53.0566222084453 96.2206028562526
15.7983942998288 65.281529156144
96.374976873165 5.35661651278497
94.7578150402526 75.642140661747
94.7383043140481 34.7564962142165
15.6132087315302 3.8422588025114
87.9710012422584 4.35841091343986
73.828529902301 75.6327026390713
84.2826360085054 75.6109330282473
36.7598505020474 44.791784918101
42.4337814712878 34.512495813664
26.3420562959557 65.2812049833466
36.7800469733937 65.3633049957593
10.9966025308472 34.614736612149
10.949624957076 14.1268830017522
36.8053766642632 85.9461146069896
26.1715487401818 24.3674903959907
68.051621701442 65.4069694981809
94.7948927962861 96.1605999238231
57.5340442486033 44.8998080252549
