15   17.9661759916977
50.3247080997041 5.58293172721335
89.4743687914867 29.6751582801052
61.7265400214119 30.4262809529744
32.5124133653639 30.3234513970963
83.7007138647268 7.55756252539013
16.6239942366095 6.8136844280456
71.0916338865728 58.7634065603684
42.47020722254 58.1989497008092
14.2208276609541 59.3349812452756
85.4751823606674 89.425826161986
58.325357507511 87.2174856681938
32.9732876590501 87.3190948046849
4.61245149565066 30.9913767746965
95.1824653809951 61.5434219136504
10.1229609312912 85.1573922823232
