16   16.9427051584267
59.5682916962671 10.208051527897
68.6923979943485 36.8848073422025
41.5399619542798 36.5593160574419
86.5452652480571 10.296862187158
33.1156945655638 10.948109041209
86.1190595487762 63.06817839668
58.4600771459034 63.4407010406832
31.3076130329232 63.1151711918174
13.8809323297394 36.9318279885639
10.0925155165212 13.6084616347567
66.8842859577078 89.0519222739009
40.4316853079933 89.7919180110348
13.4547347516776 89.7031378125702
4.33066247672479 63.0263909918806
89.9074904103873 86.3915375414814
95.6693715461163 36.9736180026717
