17   16.5680929560426
34.7721271518515 66.2496248123332
33.9413138827786 90.1551737886286
10.3076789816211 87.0287449232641
62.1956692024513 76.1128541995093
9.56845702514329 60.531724268782
61.2388195983996 50.6178181878939
34.5508887242725 40.1343436680536
10.0864405577077 33.8619326301378
90.0138867903633 86.7795897482453
88.6873493389276 61.4544019601566
89.0429927304596 36.9220061469841
61.3931574405229 26.2658467156093
35.2805085238672 13.6296983999042
88.8416871826294 12.247193937098
12.9303420071829 10.3589510313823
63.6475216909347 97.5122194319706
61.1918518950436 1.59103451007974
