19   15.7841981754193
53.475278560305 88.152567790717
51.9780693544228 33.682990446081
8.23599456255516 33.9811327312248
21.9281394045423 61.2147724903191
97.3068585630688 35.7779728343594
73.9097836620931 87.7915856220085
91.9572795209242 86.418558275589
33.0186943806869 87.8097128125108
63.1260357732535 9.45967291990694
44.0412092758702 60.3509501875857
87.8807607644412 10.1126135284139
65.1881817854311 61.0057928565234
88.4453635305911 62.0839175816779
37.2416978055262 8.57955867762929
74.6172424402171 35.3439853778338
11.4959199624718 89.1840517655073
11.9964227962552 10.2580091696
3.17814585937246 62.907175327884
29.3671434698432 34.074073758399
