20   15.2246811177165
59.5563922516893 7.36662783508022
86.4400973151162 6.92242403123461
68.1570850373595 28.6833963072171
41.0579673967165 28.7237715928528
33.4020833565376 8.19567067034368
13.7343406068103 29.0188987557976
86.6761973822151 50.0001643720645
59.5562826914188 49.9999514718394
32.377785292542 49.999901143131
4.90907932364861 49.9999529194321
10.2856701059077 11.2245729530391
68.1571175815713 71.3167681930316
41.05794197265 71.2760810219517
13.7343653726534 70.9809553069442
10.2855843480005 88.7753079162097
95.040931493951 71.7611849369803
33.4018666251412 91.8043278115639
59.55617462195 92.6333722938554
95.0407900995519 28.2391925200991
86.4399885357866 93.0777890537559
