21   14.8953789497323
76.2867684284322 30.6024873283845
86.6239323014168 72.5404199412128
66.2949503266376 53.4364077251685
50.6463779190886 31.8427415831232
90.3845147796093 54.6104956504527
61.6471005154547 8.84876402826899
66.1782510739467 92.0527734641464
59.405846422869 73.145894155881
39.6998543927928 53.0512604863566
26.2867684530624 31.2807485989445
37.2099490818481 8.16976225208869
40.1292797690727 93.6009159172904
32.835383602489 73.3589624397203
13.2555163933987 53.0163526805344
12.3774690409067 8.28677104534023
13.33923957763 93.3715007930983
6.36675244802467 73.2768671229692
1.45428842636438 31.3977573919963
89.3882137529476 89.5471446550855
86.8146204720012 6.92950798692352
97.521390595149 28.5467254355505
