22   14.3693177081892
37.500371422117 7.08701772543139
12.5001562846774 7.08684587276434
62.5003753828798 7.08721834451327
25.0003038261976 28.5431813118752
50.0002921053763 28.5435537837505
75.0001782332795 28.5439402146498
87.5001602453982 7.08740415627781
12.5000043355287 49.9994410434243
37.5000004100386 49.9998069805236
62.4999974129198 50.0001843494744
87.5000013425363 50.0005676271938
24.9998237244737 71.456066713149
49.9997002812873 71.4564375462603
74.9996875710856 71.456811760712
99.9997527408631 71.4570092313657
12.4998393733998 92.912595171435
99.9998720612683 28.5441260214792
37.4996281638443 92.9127892554868
62.4996272093032 92.9129660047335
87.4998384189284 92.9131634693976
0.000209314190280993 28.5430094534476
0.000151426514209492 71.4558726341529
