23   14.124482234319
29.4490812312562 37.4220790652044
8.94664068008197 71.8987237558754
8.89780500754609 49.9995049627039
8.94691764575351 28.1005128887817
29.4487218774094 62.5775657085364
29.1536444350963 12.422160334521
49.9999980976844 50.0000040000362
50.0003532157612 24.8445178850371
29.1529125547531 87.5776659155802
49.9996297628672 75.1554662553488
70.55093194475 62.5779113310769
70.5512547768244 37.422423378815
70.8471122328054 12.4223425651886
70.8463441546249 87.5778115954337
11.21540377072 91.4142221641233
50.0005467087186 0.000160404488510455
49.9994937511218 99.9998351560854
11.2155856111667 8.58547873877609
91.0531163284518 71.8995419658071
88.784374031447 91.414551206691
91.1021886264002 50.000527244354
91.0533748739643 28.1013008830569
88.7845995185078 8.58578544627411
