24   13.8302883237222
8.90725613872358 26.8826095236883
29.6969227961354 11.7148510344307
9.40427200446219 47.6035046581067
31.6033108119685 33.6197870883374
52.8391693817973 22.0892065847591
75.0995395681417 7.9857281056354
9.06417754308525 68.1902752232522
31.5676307032408 55.0460127089919
54.1616974888928 44.4968870284298
74.8985588179833 29.3558750759423
93.1956758698654 12.0406830536358
8.78487326010839 89.3181051748747
31.4384748031192 76.3022613858567
53.5916306309893 66.3366522236089
75.7579695897657 52.2219838708733
94.777567913816 36.8877347808467
52.9234259881524 88.8443285462251
74.6879530465179 74.4127233495867
94.5605377796478 62.4098073587179
93.9508820521669 87.5627556384069
74.5000107811737 96.5838789299016
31.1591705148473 97.4300913321069
11.1728603069036 8.15122675605692
50.4278910617748 3.50097905822608
