25   13.3548706534909
66.9519682316519 70.7896106882544
32.3222802855768 49.9996736433381
53.6240146277844 49.9999804474889
75.5195924472111 50.0003068023492
45.3533101167745 71.1976371389257
88.9499230413358 70.6412716544587
53.8745532056121 91.9788237642347
74.6014688190123 91.2042135555238
24.0247666294036 28.8375822019814
45.3535421973329 28.8020169520914
66.9521962331689 29.2106765618548
88.9499481081287 29.3593788816705
10.9667867381554 49.9997950395458
24.0248578219396 71.1618864812905
32.2491771441336 92.3514063637517
10.6509832029535 8.05662007860755
32.2498693054254 7.64826728055737
53.8755645615741 8.0210548382438
74.6024570267452 8.79591707890402
10.6507511230424 91.9430731169826
2.4258805327594 29.2459349998437
92.3253422102178 89.0705818815224
92.3258494142765 10.9296755799188
2.42643180635896 70.7535532353509
97.6197212879293 50.0003437341258
