26   13.1764875644741
48.3813900069619 47.284228222712
27.8137750166391 54.6250829369618
70.0549196262273 78.4965732955656
68.9020409317393 38.961326890292
91.7393703771301 89.7344350976637
48.5833198725935 68.3386751077122
10.5119694077293 7.94470412965165
91.9932055689414 10.4647535777476
28.3227701451735 75.9376266211848
91.251076372092 49.5901318710821
47.9500865880129 26.0383911941571
7.99818685397622 89.5286661999708
69.6441701286593 18.6438498398377
28.1889536455025 33.1266059882129
90.7703988585504 30.3334577757513
49.3894809418261 89.4174113742303
70.3593064652232 98.775145616118
71.0412512403564 2.4581821348773
8.74006349552468 25.7499921480485
7.42955165788809 68.1751641105802
47.0611158708925 7.20063476820045
28.5250396118499 10.832973339637
91.4349835479303 69.4558627704973
69.566625622196 58.3782849277079
7.48919171802212 46.4517859298845
28.767731708358 96.7577416308389
