27   12.8633534515508
0.00012250014172821 70.9540080737788
20.0002776553712 29.0452364871836
39.9997115256903 70.9543870289912
30.0000133010709 49.9998019139085
99.9998056812024 70.9547860976309
70.0003650046128 8.09123737036086
29.9995671296492 91.9088103864872
69.9996333672898 91.9090204879906
10.0001668286277 8.09089150909987
10.0000124190752 49.9995722707827
79.9997856768463 70.9547368099213
49.9995152510819 91.9089300934853
19.999868287879 70.9541376981692
80.0001063690563 29.0458442435176
90.000009507302 50.0003231969109
89.9998644971638 91.9090697731029
30.0004195632064 8.09099152704214
59.9997177171795 70.9545971306695
90.0001259976998 8.09125342249172
49.9999930060416 50.0000447611173
0.000172766051819373 29.0451364684268
9.99982074869331 91.9086807622516
40.0002732082288 29.0454596456829
99.9998665146134 29.0458602953295
50.0004917414917 8.09111466811884
60.000246098145 29.0457054903378
70.0000016293776 50.0002578585329
