28   12.7317553472307
0.000161239331605501 50.0002189211373
89.989561075491 29.4009777698375
50.0002441042095 70.9356640961242
93.2054819415498 89.2328221630305
69.8579039575528 70.4551842012395
59.3584421615233 8.6320173797166
89.9896959141304 70.5985351792478
59.7361879007342 49.9999331834569
59.3591269559111 91.3680533334998
22.4361142016132 90.8438834567628
77.5638192118495 9.15611657829014
22.4355949377641 9.15620936687743
69.857557791959 29.5446927927754
77.5644441780751 90.8437625998377
10.010412068129 70.5989460124692
49.9997359404385 29.0643849022816
6.79473470515222 89.2329588789144
40.6415442158468 91.3680400041295
40.2637752858864 50.0001357937872
30.1421204983629 29.5448486376427
93.2052319834183 10.7670200991561
40.6409267617273 8.63196229272922
6.79452310912893 10.7671746496053
30.1424118148475 70.4553845659238
79.9791133578553 49.9997779303986
99.999804830462 49.9996706868988
10.0103449592823 29.4014064371877
20.0208500630036 50.0002192251003
