29   12.5553507990228
79.765368819586 98.5644138829425
91.6005271805934 46.7649741373025
56.1903281371169 68.9197177796616
91.844321061566 9.54577051222441
42.9842035823385 89.8054476246516
71.4732446426605 56.4061877936081
28.9488907801278 1.15732158359497
26.8855701738782 55.4532814649376
71.144942829269 0.540778755508218
29.6191872404716 38.4887115800123
8.27966616919121 46.2495312227402
49.8389927043222 47.9952109062456
96.1191883609863 88.0594751084282
24.2374099703024 76.1132521609527
70.4816002430062 38.135022006908
91.4247723585362 28.2622718841515
8.22349665172072 9.48740936539252
50.2570157597618 28.4548942464199
6.17041397005612 66.6224400024803
23.4593228548474 97.0189207299832
75.9919058423517 77.6786840495158
58.8025671543728 90.7501224064741
92.422621448405 66.1079478715546
8.83762359137506 27.8929599571195
41.1500516811802 67.4584791950798
5.631505968282 88.778459366411
50.02601589408 9.17073086384204
70.7253941185718 19.2572801119979
29.5630177131466 19.5628721709333
