30   12.2036871445072
58.6887729175483 10.8603073659349
94.1636800497541 31.9138963266159
76.1371065772015 89.1379560607218
58.7257955293753 97.0767496298096
40.9893126742724 24.4931390900398
76.5233876323199 67.2485724642473
58.5373592967302 32.3608077222393
6.05080892963451 89.4019959093213
23.8628379062321 10.8620824999748
76.4109280141928 45.6081680841462
59.0106812733106 75.5066457243642
93.9494270840024 10.5981388606306
6.11423929598675 46.8070398504206
41.2740729243669 2.92325349679614
93.0735777026187 73.8021335032827
76.0769639000064 3.0286778988635
6.92639391101213 26.197864542366
41.1016813288477 46.133588635213
23.7088245310384 75.6554892770021
23.4766046798148 32.7514970187484
41.3113657593683 89.1395537543364
58.8982784577205 53.8662718641001
9.15000130297267 8.07511292523122
41.4625422161305 67.6390223739752
23.5889180406295 54.3919156978727
93.8856970308345 53.1930146756349
76.2912188309999 24.3444364746123
90.8500083874096 91.9248762936331
5.83615631224171 68.0862841657072
23.9234770302137 96.9712008865932
