31   12.0370665976379
5.83218404405788 31.6140120092314
93.1033985253469 70.0789692680769
8.94178425089922 91.9417454317736
55.2614228804305 7.49418388265902
74.0563053608194 39.3624369405475
76.4624996625353 2.46716425252646
39.6631307590823 53.7940043130916
22.2943009434687 67.2016906565612
56.5078072589586 47.4609199789438
74.7109932034509 98.7514075846633
23.1884816267411 3.32513648927845
23.2107592966889 24.3970443841339
94.1220056450512 10.5042920555279
75.0331417833027 18.9639904695099
56.3741851303959 68.5194070641068
39.4403162141971 96.0645698719181
22.6066979261605 45.7922784675452
74.2763972414362 58.9358448669936
40.2995122424327 10.6851934078598
22.974162432598 89.0923501325593
56.3964750275699 26.3911622407461
93.3415635280065 89.9722287866462
92.8833087321108 30.7165022828573
39.9261329717991 32.358434372264
5.44298174801699 52.8799580240739
6.496096684744 73.7497995428275
93.1451300940358 50.3189507011266
39.3400811554359 75.2080907197419
56.7773677052513 89.5428689691363
74.4728282123536 78.8581480526562
5.80989907585899 10.5421080962114
