32   11.8378746368484
89.3731348931287 21.5447965427942
72.8288467938255 6.29169212479548
47.2825787564519 21.0360603544551
31.1342912105611 5.18236405805554
50.8887026356375 93.4375562885891
90.0869222263191 56.8043731408252
18.6404333569316 40.0294528563405
40.3992533466936 75.6008527791805
10.4009338438246 59.0900515432756
98.9000774612926 38.5473025813408
7.58529529407202 20.9482884572353
21.1697811842053 76.3692135629126
26.5253622633602 21.5221237269761
49.8271247927473 56.9586412372189
30.2521410478269 57.2601942669089
38.837152174411 38.6664031939181
30.8329876755527 93.99771265951
60.2233363173286 74.903819927398
78.9489000023092 38.7430119281397
58.7826650488526 38.9251719299655
70.4981269883926 93.296599770495
79.9481470517216 74.9339896450403
91.4281515970069 8.16447714640526
68.0521869221568 21.984908713885
99.5776001675371 75.1051160283387
1.80003621397457 41.7368830002961
90.1275801938027 93.4677260400422
70.0217367906037 56.8219299860046
10.2455299621116 5.92995660897577
0.651625414219869 76.5629281141446
52.2894564598973 5.44375935310764
10.3148318313179 94.1914271938149
