33   11.5805785136155
5.89310745178955 9.96900580276269
40.8435023804195 90.0335400311032
58.2521042160998 20.082439113145
58.2521112112046 79.9175302192431
75.4843134547177 50.0000094686235
90.7578519636299 93.0219989738544
23.2018112371145 39.9726028464544
23.3661708228756 99.8764669390699
23.2668642010195 80.0029813634532
92.5006538780138 22.7804353239189
57.8293109203587 40.14043993878
23.3661344341817 0.12351893268879
40.6753249832046 70.1196254113562
92.9634034085549 59.197583746427
40.8434884592069 9.96644676526293
40.3556073797175 50.0000259661801
75.3329622701362 69.8108269232346
23.2669020372083 19.9970227246777
92.5006824731616 77.2195979505777
23.2017551330596 60.027403985111
5.79316023447676 70.0345932563068
75.3329042089602 30.1891711006995
75.7083735100653 89.980782891514
5.82801662988417 49.9999783883104
40.6753698369606 29.8803888867251
57.829322189806 59.8595917480376
5.89312572201015 90.0310049990949
90.7578736964206 6.97802981315181
75.7083995808892 10.0192070275729
58.3209788558597 99.8908810414182
5.79321634342666 29.9653959338611
58.3209873900923 0.109105445173599
92.9633577267502 40.8023902804707
