34   11.4398670674212
20.01690506666 22.475915396493
49.5916707089913 38.9354539013561
97.3488103643082 75.5053834048449
0.429792223440482 22.6858967591834
30.0008558129484 5.40901980877629
46.6353579474786 74.1685334534015
75.7692123327123 55.7745584623771
99.6847545733217 23.1592880202807
90.7152410034905 93.3169017551098
9.42133306437506 74.7223627423386
2.06690616319913 56.9816170151462
69.8885547539729 39.0801247616289
55.8146285885014 92.8477107250536
90.0986673896392 40.3249211304355
90.1761063193262 5.86188274051529
73.0867268888636 92.1736149697052
39.9660782693952 22.0484102411762
29.6816252739924 39.2902116985892
57.4077373963485 55.4946311658558
82.0463643391813 74.0552708304177
63.8332655548518 73.5860796869052
50.2700417686719 5.20170950729734
9.96026266042921 5.62705307026045
70.4055549294359 5.65106690687256
9.85692626502987 39.9238532262037
59.993066433068 22.2904573398918
93.1481927808285 55.2159973157104
39.4555436963156 56.181868620066
21.4162500617967 92.1905914714314
80.0058154914843 22.950630522656
6.52830164664192 90.6057552872226
20.7239968440616 56.7201101935386
38.3310911278531 92.4053173052094
28.2113868115623 74.2634467098403
