35   11.2732694109346
6.58676891172654 9.14882929573651
42.6833878210746 98.5704859506991
94.9827190537306 70.2284429574211
95.45152298164 29.6431269170425
43.9666221265252 62.5491449325019
61.8532215894459 53.5903808776059
61.5859004605797 35.5849327704832
25.8661372447679 55.077857969538
60.4101681301836 90.8208962632864
7.65511387132113 78.8435343884921
7.41430025769683 45.0449741437413
24.3426613911288 1.52881678272254
94.1955289217003 9.66409418206591
25.2145079869125 37.3324104889656
25.4648904122806 72.5525748052587
79.3762105237887 41.9991353456599
6.61610429779464 27.4252960877202
94.9673694892237 50.0456435757953
43.0461322063298 26.7994466540044
79.0370343216696 23.7887739994955
59.5843793804816 2.61471461020018
24.3719966991813 19.8052836089177
25.00299468954 90.7879993632511
43.6645045511899 44.5206757359246
9.25243412138662 93.5595756319235
42.0651578623158 9.17278065541108
60.8290499006178 17.7641533536272
78.2225343884198 79.4412153358187
61.0666002175858 72.3690294391759
79.4706434525433 6.8929534606312
78.699554228998 60.8564624733248
43.0398369093468 80.4085469848686
94.4957239498326 90.1618321396236
7.38740082786935 62.0524661502568
77.9730647598917 97.6163400568245
