36   11.0167062335672
27.1424312603482 75.8342782886769
55.5509644653066 93.5866637228725
62.4425841727023 41.3886869542723
90.9403024978178 24.4290319716383
72.8636813321301 24.1690916624042
90.9876339807137 58.8352856746556
8.8697356324119 6.53418742431677
73.3806636578811 93.4691485486616
9.02082822451045 41.1628836091259
72.9818857275607 58.7175467389424
55.0965908245118 23.7280764916335
80.5582233228281 76.0547985872656
1.59257635462103 58.3878304899845
6.23968748372863 90.9206768700678
80.4340979191669 41.5262858331804
55.1566529338636 58.8119369461128
79.2920328759064 7.32151184008616
44.8421143794724 41.1807798737635
37.7600068124302 93.4168425994756
1.69664894290233 23.9536491660983
44.4493488582084 6.41981904190784
37.2674907748001 23.8273563758073
62.231199153699 6.5891413162736
19.5682557812172 58.480914254241
9.05407458503749 75.565085544172
93.76193919254 9.08044126676396
26.6179790322522 6.5222630743354
37.562498542473 58.6126180891897
27.0193299143048 41.2886480780126
44.9080463051552 76.2731722368006
19.4448927336692 23.9417242262341
98.3039877467153 76.0566733739688
98.4078216306757 41.5982265009952
91.1264279282186 93.4710234763315
62.7271438104307 76.1704392195219
20.7029655605147 92.6692177981602
