37   10.917943137171
75.307341010318 17.8651245025243
7.17514561674911 20.663795142289
93.222033891476 8.55924394266913
24.0374031746374 9.0630666100113
40.7432533569975 19.6842246600754
93.3561095847917 91.3362711682566
6.04133483911849 55.8322116502386
6.29201489310156 37.8154938606021
23.897416747961 98.0746309182079
92.3851910192715 74.8484665509724
23.2219095399867 62.7277394494971
75.0932021511524 34.8095904504303
40.5517221468451 37.3450471229361
57.7273674489697 26.2262955801124
93.0078949932272 42.1954335184128
57.6392445425035 43.778817609101
40.3807584181506 54.8595953315501
40.8321465372283 91.0049224986274
92.9609609199867 25.4643497169127
74.948767716822 51.3773247172924
40.7855621757335 2.35795967354888
75.5684139837103 0.960018702448498
6.43374423014451 73.7472798937815
40.2915002361098 72.76708606301
76.0099478586344 97.8406353801188
23.080113208619 44.984225438276
6.57529157018871 91.2840938568406
74.8629854059044 84.4415692988807
57.1183321002016 60.9778360208873
92.8165209554279 58.8025231286592
8.97476064457442 6.21732689498458
23.6435368700353 27.1963911810165
56.163859468099 94.0340891058341
74.3260590907241 67.5866263962628
58.0692997311859 8.67935790519458
23.7558617079222 80.5378113737034
56.9598364851192 78.3942990333588
