38   10.8008599892972
42.1786505577757 91.7633339084704
60.3888909226638 31.8355370896799
77.9862068888033 5.87126163059206
93.8542249336652 44.143221324397
59.4305351871949 15.0849486767046
7.12191749544159 58.674679404359
94.0061681202193 26.2761989665451
7.00980661895059 75.0119588928646
7.1115081933084 42.4252579485474
76.6508344872998 73.5657730109757
6.80754669516734 91.6145432757039
59.561716388764 82.1973395933116
6.72248809278818 25.8421888321755
93.164105679747 78.561494697904
59.7374843882211 65.5311712241583
77.6020527496007 38.5381844883581
93.5259518242965 8.64553476066794
76.7360579438244 91.0658107318204
42.6896274596772 41.1458434727205
77.0344986170106 56.0801018774301
42.6751674404256 57.8079351567299
24.631790062934 33.7141222795185
41.0091060783889 8.52274029229732
25.0217850577942 50.0259138537889
24.9200835535976 66.3723111344517
77.3397862246931 21.204864050741
42.0284567360656 74.8332576951338
93.4485223335755 61.6121227018691
42.3670985081954 24.8903079682195
23.9096073164987 17.8415932166159
91.4027792653651 93.461929113575
24.4034528752381 99.4805041522317
58.2822419371805 1.86703524663418
6.4085529155336 8.69419466739055
59.916023034777 98.9585644034262
24.6057127706991 82.8779197132976
23.5956721211842 0.693599114654784
60.3069461814314 48.4413894048689
