39   10.6317058211211
41.1005067292062 24.9480399426374
41.103769355401 75.054679997739
23.767950170468 66.7191452628905
92.7660102272869 65.8064739773981
6.63356253439808 24.8698318972019
23.9653002178529 99.915740979889
6.63665084090866 75.1309135196789
75.424157303407 74.6910797374736
58.4140638782181 16.9143856224828
6.50447160260391 41.5880189344603
23.6357711205012 50.0034249322204
75.5432297822101 58.1347341546582
92.7647310289925 34.18952236115
41.2499301119758 91.7073934007269
23.9351642376395 83.3547965576272
58.0651836871984 50.0019877005278
6.66696417157073 91.7184085241211
92.4451526178197 18.9190543709556
6.66803310980322 8.28073083208406
58.1817599160565 33.6319397210707
6.49959382355479 58.4114227878163
58.5282678497897 0.233851494481153
40.8532788643299 41.6535057250975
92.4441620732502 81.0771293496655
75.5399264429317 41.8643414371928
91.0376971992664 5.71929160217405
23.9331765496256 16.6406440055081
58.4162572921983 83.0873732064121
58.1812174718753 66.3661129373546
93.0181172047175 49.9974042144604
23.7697397453324 33.2814675830159
58.5322822876333 99.7643550521187
75.6199227301986 91.5548625818122
40.8476760036195 58.350481723778
41.2490197116363 8.2951278089068
75.4264492742563 25.3062418726577
23.9674857802747 0.0780107307782369
75.6163979372359 8.44479323060408
91.0392345786677 94.2782999943593
