40   10.5464567013198
85.1663355259887 25.5120119327222
94.39867359415 43.5993657018989
92.1041318972129 6.99163862631759
91.8391335741326 93.319580615731
64.058927380788 43.3855365484647
5.6171152847819 8.92612821049988
8.09120770606935 24.6168781169279
33.5125431296964 42.5873237716925
91.7021774164397 59.0449325010122
24.4032115795413 25.0633305408175
69.7789824714788 25.9432537250981
74.6313246927094 60.0196089626291
57.724055986345 60.0272064424779
66.4684286711562 76.8717873104218
8.14303973238566 93.297862125939
99.7058308708413 76.0968081592582
83.2680036454284 76.2411993951495
1.26930334537426 41.8512952998572
16.5672437259906 76.279179052757
32.9249935789849 7.44556498126251
18.3449330448639 7.7888162696079
62.9115139015776 7.42287897822967
48.8486906745702 42.8717755777132
24.6126745482325 93.5273218869466
77.3058404255562 7.97397617179279
24.6532183811684 59.3323501414281
97.9235403448359 24.3232993364218
0.293212141746136 76.0533442999003
58.4856375251838 93.9501677622937
41.3930995920382 93.6944067936647
17.3336808210138 41.9900287721437
49.7376372588766 77.1022214067389
79.7511134765433 43.2751367034088
40.0455643473794 25.0216509260408
47.9069811904628 7.40190135769854
33.0073316720271 76.6754380611274
41.2429628071138 59.9293142498084
75.401306323125 93.4639718470696
8.23010069107197 58.91602758069
55.3620676511514 25.3692887207081
