41   10.4351189790546
34.2058476550155 98.0809537624431
19.5305208627251 90.5463576313672
7.55616820734576 92.8030541109911
19.0627036726396 71.3345790775172
67.1517336922749 45.2342003657606
83.2742075008041 21.5104918764143
65.8687270397945 63.5469351936366
20.7925415450605 52.8421891816694
80.5088867050536 76.7854024607463
6.39512011069516 41.6332357262436
94.3704410722421 91.2136599527645
39.5265999856723 24.9396003843686
73.1993329629768 7.67260953753004
62.5629483893281 95.8953991057691
68.2728942874804 26.1099524800438
5.6720352582247 76.847128619178
94.8921899497953 54.7862414809606
34.9844848951638 60.9738824723061
53.1534980152862 35.8783219769425
97.0296412279075 16.8132223009598
95.2099350671033 73.1565603694471
5.09894758643659 58.9836204634048
48.715992188874 90.4709035488649
80.4488923574681 93.66481170081
55.8842460229644 1.9961835028866
6.50134088186314 8.1623691778393
6.00901600099976 24.856058947189
33.6820533079487 79.2742540610189
90.1360051649099 3.4048946754192
81.0314682304509 58.8990357611128
49.5519672004898 72.3962268732328
23.3132589025481 1.60738995127882
22.8209340493239 18.3010796634491
56.4130778364383 17.7971254737381
51.1258344465285 54.2750514396051
95.5421727108042 36.2516686949239
64.7480211363393 81.0986938333973
81.3632677498796 40.1930364045839
22.7146877180774 34.7093248429077
37.0727373545409 42.720177536659
39.6328362577847 8.53133164152872
