42   10.1849492636176
64.8117362187603 80.1549872851799
7.88599731685826 93.5545184905059
34.9320352667466 44.4076703170821
94.6865721037764 61.9599192279275
49.995507783929 19.670748959936
35.3571887944418 98.2271729134667
4.89848073769305 26.5341099018115
80.1650052130095 37.3868519589547
49.9952563324518 37.3259452066714
20.2441631904512 1.95017721015448
35.1040358586456 8.94878702737574
20.5498566531169 91.0052670472087
65.0617222483037 44.4060355811927
4.93504102265118 44.3731922671141
34.885804510185 26.7258868147334
79.9558094311845 55.1252212863678
64.8923114874554 62.208439561962
93.994530976436 78.8750594331068
5.12383195852469 8.80224602360977
79.9739073246533 19.679568781768
95.098889034805 26.5268185556633
49.9969572423433 1.77238728139716
79.746166144876 1.95207223478008
92.1172528307361 93.5505435969681
5.31433097546841 61.9712166680256
64.6551943772356 98.2277914076827
95.062147433179 44.3628999988432
20.0443410852755 55.1320596955922
50.0046175223134 72.9322913131374
94.871147823229 8.79932195406535
79.6996616488521 72.9742335664429
65.1049932523145 26.7262225405568
64.8882709769858 8.94966061627701
6.00738239634183 78.8844067696191
19.8299845855245 37.3937719173273
49.9984672654776 55.0323456654031
79.4596398049907 91.0036759394555
50.0061368102744 90.9229073058322
20.3053582094413 72.9799976977603
35.199073037274 80.1554839172401
20.0188119355643 19.6820411596827
35.1108281882816 62.2114700276561
