43   10.0884240895007
26.4717531346541 95.3161515339883
72.9348689584491 51.3596831903088
25.4199851022859 5.61449723413947
44.4016305549012 95.4313959478807
97.9048868324632 20.399980314367
26.0895377365829 36.3189730959221
91.3948769531271 5.26575278976899
37.381195776206 51.076735714072
61.9863682409357 65.7200170980123
1.89490992489774 80.1124254144088
26.6981424673631 65.9405290181047
17.8473705973986 21.0622102745385
19.5983398199028 80.4179221963648
44.2541808598604 65.9748183097621
54.9464634473021 51.1274290946707
80.1799613066788 65.5380246424487
73.0216400884437 79.8983975116917
37.3613030467433 80.8387015884932
8.7682747549261 95.0106454894703
58.7621405051032 5.84330211285475
19.8261506240548 51.0425274187002
91.0375151283299 50.9974191028741
67.6106072679037 22.1591203358354
8.93517784789884 65.5196622539271
2.52381044338874 51.0681303297461
42.1699999732955 5.63457411647085
74.8878846017338 6.27190218166491
8.64349063462472 36.0979612136233
55.0842391160469 80.5675010483985
98.1047369131264 65.5376489009941
84.4315285845731 21.5823288848757
51.3404297102928 21.5217292010887
78.3068566230758 37.2998576153136
93.9177584987831 38.3172211583005
34.7347545585899 21.2929961399288
78.6802158755017 94.0614244485112
43.6542090351882 36.3705339593903
91.0375361757633 80.0779195670329
93.4177794203861 92.3546961820393
60.9599477974969 37.0562889705364
8.51911798602668 5.40378818995993
61.9605886302888 94.6680834791315
0.946503329448171 20.8515013823635
