44   9.97748995134017
78.6927243661485 94.1875971671267
66.4552353637132 20.9130471504037
41.9638138278248 36.830535345957
98.1584147763804 50.2479636935168
61.7404263213684 95.3785591464014
93.9573468252233 67.9935882417485
57.6474811192433 5.80556693242662
2.61744943223286 80.7460875030665
33.5348358226541 21.2772871670266
17.0500880955835 21.0282737896471
99.5423528766866 20.2083113840199
44.0119739530783 95.4620547245996
0.98705028004351 51.4047278431826
91.4367571276962 5.12066142080585
49.9310985567931 21.5183856566761
82.4235098321128 20.2208302251241
41.3754748529755 5.74508349894114
17.7272626073759 51.7112480942635
78.4684512219276 67.2774724847206
37.5799278392957 81.1168084225832
93.4011826024216 92.5162903660384
0.44108573709626 20.9598727705015
25.2577458961044 36.5863780452471
8.46948680578478 36.201894732986
24.9362788797298 5.56446971111846
74.3177657282819 5.1331734423875
91.1202256827624 80.4828654497687
75.1557300272494 36.5019363528052
84.6613810444985 51.5555944615657
72.9276400274711 80.9823266225289
8.73990710396902 95.1870665775205
51.4174204326854 52.0380841583272
91.4443278384499 35.3086005474382
26.3029964994057 95.3414854212135
58.8552955994205 36.7643810085268
26.2225650956623 66.675813594605
55.2457702334134 81.153887726478
8.69568204900107 66.2256581406623
19.9542504736582 80.8418263862238
43.8051163007697 66.8673336000051
34.5181159942217 52.0918960501266
68.085204196198 52.3148301188815
8.32727654709015 5.49606868421387
61.1634864831013 66.8910946771593
