45   9.79732632032996
99.9996308542321 49.9998640022823
58.332821024931 94.8477744058026
83.3328971153283 79.8991875980469
8.33345701143844 5.1518052285074
16.6669382024663 79.8989643896757
58.3333238827648 35.0512750737495
24.9995856491095 64.9493481980341
83.3334885061282 49.9999522430075
99.9998079485271 20.1006793393753
58.3333659719384 5.15247880310993
25.0003769513569 94.8479874756936
83.333187536618 20.1011264918785
41.6669744487444 5.15197678150367
91.6669560160112 64.9496635884279
50.0000253417529 50.0000661380182
66.6669354715815 50.0001533482964
8.3332357169994 35.050426222975
66.6663165732058 79.8985673131263
41.6666648524039 94.8473893527854
0.000609007158949737 49.9999156804697
24.9997686274223 35.050657670936
8.33311654345349 64.9495978930208
74.9996666808131 5.15212367077184
91.6668278690611 35.0502716730407
33.3334909294463 49.9999568767296
75.0002617151809 35.0508070626781
16.6671615676537 20.101102201288
25.0002687577507 5.15197066743886
49.9999472236807 79.8978374466603
75.0006431133891 64.9494762723718
33.3336574283485 20.1012737627228
50.0000527288203 20.1017818994883
91.6664193874167 94.8483946967372
8.33352404675679 94.8483032064105
91.6664634127519 5.15167651308002
99.999155232372 79.8994631414243
58.3338223950099 64.9492444234942
16.6668828148973 49.9999816995056
66.6666104197252 20.1019287873942
0.000588051349884822 20.1009367564984
0.000510207297207188 79.8992801135173
41.6664229595514 35.050572970916
74.9994284637214 94.8481192208567
33.3334212425857 79.8980505137625
41.6666043871402 64.9486591640439
