46   9.72001978263701
16.8427423317157 64.8135079096004
83.1567498712922 35.1867203460246
5.83218914555619 7.77588286597165
65.7208710458071 5.79111713257143
94.168064587313 7.77607311643078
41.7253025525912 79.5360513852829
66.478155825013 35.3968900523798
5.83244518964784 92.2243094214937
19.0687478756008 6.2971497947135
41.6624098065827 49.9995754615885
91.6541514867716 79.466154210153
49.9999145632714 64.7160804230697
8.34589701253513 20.5342136676481
33.5219308574665 35.3965397533758
58.2743405459113 79.5363665491324
50.0000357110493 35.2834251635106
25.1822453094511 79.3164851873233
24.8577653386538 49.9998689983107
80.9305990060966 93.7029159702074
25.1824613801229 20.6833925261965
91.6540414574288 20.5344910233689
49.9998664949671 94.3563380037865
65.7199084412423 94.2085406280588
8.34582899670832 79.466057286365
50.000200163835 5.64313670682793
8.30494004685682 50.000062685654
91.6950506000286 50.0002243145411
94.167512108892 92.2243415006087
19.0693085011153 93.7029075854165
66.478190139101 64.6033274924434
34.2795831115509 5.79118972979676
74.817571013125 20.6835096784013
58.3376236898032 49.99993020566
99.7381263727966 35.2333272156538
74.8175797868469 79.3166850258763
0.261330103890551 64.7669897543383
80.9317598507914 6.29715004592275
83.1570229893466 64.8137912772765
16.8432216549618 35.1864398051118
34.2799082623969 94.2084277609618
99.7383644800253 64.7671276979381
58.2746468555711 20.4633759917646
75.1422313315408 50.0002809743471
0.261928567855101 35.2331515668775
41.7256270316528 20.4631859202885
33.5215028766458 64.6029207622319
