47   9.62970621619342
8.26723255686235 65.392353309493
92.3810981853749 5.88927643682109
16.6540651227407 80.2101715233308
91.7641552066826 65.9914141344234
58.1486909509235 95.427770077234
36.1162058482611 52.7429516218046
8.09876631334191 94.7902762921003
41.192661634821 95.4388919424991
53.4260896907634 21.7358126436598
76.4557024276443 36.7069203758639
30.6517728973618 37.6280060845344
25.1088453006361 66.5234555841905
83.2435136703721 80.7582554828807
91.7025035280377 95.1129976984812
18.2932957914018 6.1693360560539
83.4870488273113 21.4069217861102
75.2553519908042 66.3717500866502
5.44967171442113 7.93928944508662
77.2165215470013 5.98281145640512
32.7866141741106 6.50616949484734
61.0084384325591 36.9572006756142
20.3682431044572 52.3103990941702
51.7191891306112 52.3703234090912
42.0344673740827 66.7573570067436
75.0143586461096 95.2747213659803
98.6516287666682 21.3133909256721
66.6942652036246 81.0740317060654
33.2339923320465 80.8590676910757
8.21725146666932 20.8993374910854
2.25745408611216 35.2814602547442
23.4155136351992 22.0041254556011
15.0926907233056 36.9502807738242
49.9662336392041 81.2415851653522
98.2934298535572 51.523932468961
58.6628417277472 66.7643314185771
67.1186490150625 52.0584644739939
5.49821187960422 52.5485757403949
24.4545921173703 95.0449817548742
45.7405125502968 37.4875038268879
99.6196168333179 80.6038049882918
47.2006608964584 6.26312113298648
38.4371754604777 21.948837331603
0.298239334949918 79.9554660741414
68.2902107048203 21.4595474259548
92.1654562501594 36.4474401203915
62.0930941609549 5.94212983325874
82.6959829483404 51.6228416533757
