48   9.52773665380247
94.100992882975 32.8611688753299
33.6383919827133 14.4980269763428
19.0831316907716 98.2252544372106
78.6643787365574 68.66598853089
4.48361998442372 58.5505262077495
33.1077776354167 60.7784213658667
5.05800802304293 8.0742997194318
79.0421734979318 98.7352012323965
64.572454217027 17.0724658434763
48.1905457642891 68.3062212542865
35.1177730388299 1.996880169387
92.3323951195052 5.65558120069909
93.9348484717016 62.3926855174068
64.5240089452127 1.30529626440794
48.6717636969608 83.4960259571195
17.9588308351813 5.40999235855076
4.24162319117446 24.6800936811487
4.86107329637161 91.8056281599274
18.2580826145054 19.8498516046917
94.1729350959993 77.2786986313586
47.8354094822609 53.072804835894
78.9723153265319 83.6054962961435
32.9486131590824 29.7137566033367
18.9924734684151 82.766670579846
18.6401488684327 67.0472590286742
78.5978694779105 38.9443525039047
93.5734795834868 18.3451938755752
4.37078386594432 41.6776383877732
33.5584839206483 76.5611135909205
17.8890270229073 35.3191796514993
63.4717632306493 31.7279953078147
94.2427932574672 92.4084035757987
48.5366918829001 22.6407407401847
78.4308538795254 53.776201939464
93.9383995443737 47.6939466623007
63.614008623955 77.0242402048031
32.7010670546609 45.0967667449382
49.760004410251 7.90002387546809
33.9694867565339 92.2380382088879
79.3133498027746 7.88288325832012
18.3198038477272 51.1725774613915
63.9847338290727 92.3019177666019
47.9695346153099 37.7712829893379
4.63030530353807 75.2843099447491
63.1705365012383 61.8612891170956
79.0474331920627 23.8918771958794
48.9327819613391 98.6948822876143
63.01810683004 46.7770951340679
