49   9.37064013014892
94.4809809937106 22.5426394720562
50.0273535634114 31.5548310282483
35.050413988585 37.9536821532705
5.48923609688082 52.9340183377499
64.7488419003493 7.66220050355151
64.6715196891674 68.2267614844305
64.5723124608921 98.9391350153563
79.5426063574711 61.7053137565825
49.9593948053498 76.9446367455414
35.3880472387827 98.935688079923
5.5504202913523 22.4756970340793
49.979983171606 92.2598408111675
49.9717709308206 61.6218430639881
79.3972700489961 76.9010678060881
94.6053467531397 37.7775970735238
7.67571555860923 94.6248456878529
79.5526032489286 16.2808345978211
64.8375876181292 22.9146414367843
35.2600426528929 68.2145700706486
50.0031728425732 46.4989526670668
20.7147382825844 92.3160017342384
92.3072871623735 94.6491999561549
20.1821006423665 46.4964879761078
79.7948272510764 31.4199466585784
35.3251143472068 7.65171196323172
20.5083408875667 16.2321978742104
94.3621038951678 7.48485290270765
6.26027212266537 82.2770386172633
79.8149385701723 46.5804298434016
5.76434683125884 67.9164768404735
93.7281116099879 82.3361942214542
20.2432920414692 31.3519842751477
35.1427279060897 52.9848371611086
94.5010861441803 53.0271660646249
20.422949919191 61.6345971331726
20.6248798364832 1.21937360767067
20.5515632346284 76.8722885340548
35.2587738201093 83.5451873673392
64.6809975318464 83.5341133501701
50.0444117454754 1.06408779792529
64.9814107015723 37.9834037812698
5.40190739908551 37.6825574674876
64.8335146456856 53.0192481730834
79.4337261398032 1.22304800281353
35.2280939532129 22.8962164697346
79.2486409640114 92.3178355065611
94.2250692357858 67.9943498257489
50.0370087802714 16.3727397668336
5.66695758461719 7.46287398948334
