50   9.30885608996947
5.05848817181638 62.5218485424411
68.710656497873 49.3116368576059
38.7798192319448 49.3091579879683
16.4360913581172 34.9216552376783
77.3320384847468 34.8077897711698
5.42211719357874 7.56673285958823
49.1019612890959 94.0506822011265
98.4986281343482 49.8078195334529
38.3912521559496 19.9967806742329
31.9946721194428 5.76408787651243
63.493045117124 94.1381749954723
1.82644328305364 79.4642730401247
83.9311810946354 20.3184943396283
62.7111303535352 64.0109008436518
77.5709320692475 64.2000251259771
46.9972930772637 5.24137975486491
18.4212436066097 63.202899322192
53.7799289059883 49.2152477171766
27.6040111476463 78.0343511127155
34.9317989178817 93.8756756424336
68.8109052442663 19.9544622678463
47.173712556572 34.4860820569798
70.0212414440359 79.0210938167474
13.2368382881944 78.4547714530857
77.9764483935326 94.1635702818657
17.7646587226482 6.22595600143554
53.583299375847 19.7291248824199
21.3172858826893 93.4393497276275
62.3811079581501 5.24467908016413
77.606459082861 5.46672521663844
92.4595784065295 35.1621866193312
23.095937631247 20.522573667686
92.6142029281764 94.3338900849864
84.638506431763 79.2167813623428
98.8952355520092 20.460470684251
55.6096266454408 78.9081814673517
7.66426866617448 49.4239930954063
32.0174010312925 34.8020198905354
83.6790788447229 49.651710491921
7.35664856561925 94.2960959707082
33.2457778833279 63.3482785715363
23.2498763660747 49.0846536349508
1.09166372307235 34.896019320091
92.57051360338 5.60870159539627
7.68102138936601 20.3924305707422
41.3676464478205 78.6456937463258
47.8747618923303 63.9530233351413
99.2762604391435 79.3871018381906
62.2095507821 34.4404643302868
92.5308782002296 64.5506135204632
