51   9.23635169447307
29.1381145629172 79.0186866153651
77.9643965606228 94.4142213103501
16.1828351657534 20.0348029522616
7.33200916351333 34.788667277171
21.6440686523565 94.1558633413744
65.0369881572524 63.6218194307526
15.2593993391394 49.3833381939898
98.3480223115865 50.0668960766343
49.9217329644598 93.8916288090346
29.6966569151357 48.9073981734262
35.8950517997453 94.0907067167737
31.1282339143065 19.913652582313
71.3641847993955 79.0189158179323
92.6514529849791 64.7497621635567
14.7936376927435 79.2001713742862
92.373902711697 20.1846486429276
84.7782311306966 79.5860102012481
7.24585412984016 94.2721914702852
66.9893669359678 33.8656815527124
1.54191627750479 20.0648269134108
44.0423034419839 48.6386925759046
46.2763075912734 19.6710329910961
99.4598581463632 79.5657552676275
0.809241324177366 49.6066017575504
43.2185337225643 78.7544525268925
78.8793080991088 63.7436357806495
50.4772753634089 63.5693719635995
92.660148376742 94.3931497928279
95.0406668257996 33.1874824215483
57.1965092757529 78.5005724970781
22.157593701708 34.5089772785512
72.8212371024694 48.3662513472181
22.3609099102851 5.40543287412943
7.31395428883839 64.4480251946449
37.2449630840601 34.1832304326792
58.5868774740759 48.7103336350064
37.3753343738226 5.35579811930544
36.1691584759159 63.790307303985
0.395423161153196 79.3164994850522
61.412909178307 19.5472232822276
67.8292848542333 5.23204915894329
76.6369049550037 19.6832337579831
86.9770487826031 48.9232873816567
7.43574246171569 5.47904421284329
63.7291438642977 93.8368270608971
52.559029180411 5.16280699441661
21.8584750856899 64.1002410175474
52.3108247215011 34.0037352856991
81.7841911442889 33.63438413642
82.3115008197783 6.17286645252063
94.5910782164137 7.48690549191087
