52   9.1155705284261
49.9999449806095 64.7798977826787
78.5718961398337 94.3361371234202
78.5709089375289 35.2217305698412
64.2865587824676 94.3367431969973
7.14287453010911 94.3366997737334
28.5724182219461 49.999990984336
64.2847777933856 35.2210187761445
7.14281729209045 64.7788862089801
92.8571532529836 35.2211701792839
92.8571625575132 5.6633470049686
14.2861726146469 79.5572088214559
92.8570932967124 64.7789061531075
42.8572263782207 20.4410592581752
28.5718608044956 20.4427492891873
78.5719852363507 5.66397448936857
64.2848290469671 64.7789916975756
0.000915515988462623 79.5578290993581
0.000127860902348065 49.9999432652839
49.9999916913803 94.3376882504484
71.4281878865968 79.5573098377335
21.4289810629911 64.77831302688
99.9999218041621 50.000075976277
85.7137972878942 20.4428919657173
14.2862236555759 20.4428151022045
42.8580221212166 49.9999670849588
7.14285473359632 5.66332519633802
99.9989744648784 20.442264447629
57.1419989089549 50.0000285653978
71.4281138468712 20.4427449213323
21.4290799903556 35.2217235124573
21.4281317745228 94.3360795300006
21.4280930091582 5.66391943258119
42.8571905215822 79.5588616543166
92.8571622649906 94.3366533631201
57.142802095899 20.4409998167779
28.5718469502857 79.5572529638023
0.000985529239144523 20.4422208373144
50.0000494797598 35.2200096040981
71.427546617668 50.0000044512775
57.1427925023956 79.558860913967
64.2866913263861 5.66319995461597
35.7134240211744 94.3367439201781
78.5709238382255 64.7783226179695
85.7138234718589 79.5572200046451
85.7141752618068 50.0000087750437
14.2857996001517 49.9999904228709
99.9990894423488 79.5577362771437
50.0000138398318 5.66222934390327
35.7151102621121 64.7789309560722
35.7133834761617 5.66325937893795
35.7152252753371 35.2210167375028
7.14288206984647 35.2210820214241
