53   9.06636325674883
5.80033841173945 56.969766395312
50.0040534734067 64.1289960010967
50.00322135482 35.8702664968094
94.2018415565206 56.9687995443819
79.5692048275481 49.9989875191546
50.0010354316377 49.9996799000643
20.4342188273855 50.0011201732664
35.2539776566568 57.0075534891579
20.767857801402 92.8111375407544
64.7511252103207 57.0073522393948
20.6177566130612 35.8398977529866
79.1311800401904 78.3154054436393
64.6687564870157 85.498449377088
7.62118067889242 4.91086007264676
6.46749564193591 16.1754939713283
64.5257035663699 28.8616827128387
64.6401351326203 99.7696213565494
49.998405109746 21.3966300844762
20.8698010038769 78.3126690931121
35.3273860375397 14.5012675264476
79.1302584122509 21.6833917953151
92.3773292567348 4.90854682552163
93.9674508471596 29.2910392430786
6.03283899176025 70.7057595710794
5.80025911775956 43.0334143805085
49.9979766769956 92.8531969414953
20.6182011431251 64.1621328076826
79.3850476332459 35.8359098322015
35.3557650407311 99.7717220653396
94.2017097571853 43.0289951279992
64.5267974278518 71.137049391728
6.03270592415873 29.2972365839814
6.46808712036668 83.8267814446299
20.8686791060042 21.6884281421401
35.4758924382737 28.8641143152949
93.9678774787546 70.7072453110013
64.7506521603899 42.9910788027445
35.4772457161673 71.136123419629
50.0000428214318 78.6028331655843
92.3775775087997 95.0910676801577
35.3537066858262 0.228848763495944
35.3292098506461 85.4989243449983
79.3856540510166 64.1623496807945
93.5316642626478 16.1700121980684
79.2293629313644 92.8121934370668
7.62171972097713 95.089976573654
64.6672520509558 14.5007854462034
20.7662967780489 7.18923356046073
79.2284461267991 7.18748343092042
49.9962634486935 7.1465224110724
93.5319413528746 83.8289347042446
35.2536301474674 42.9933633788433
64.6387897256645 0.230051918289759
