54   9.00196747217443
14.2836961327677 20.3881694323655
99.1799151476713 82.2700756392442
68.7613061907245 20.484986106515
34.3389694778597 94.1304721081122
55.4975904051214 21.1614156498871
34.4520628721465 64.6855348092713
48.119016970275 94.2845620189289
62.4569268719933 94.849753093039
6.8319056344917 94.1382183836405
27.6928989625216 79.3812658427347
48.5525560592941 6.04642614094431
83.3303564962033 54.7543826334819
34.882542774867 5.65878483530494
20.9340171168766 35.0175891776444
76.8420583835199 42.378441696651
92.786375457314 41.223132478859
28.2681575339197 20.3666144166043
61.8515700171653 65.6330098261075
61.8235993719374 6.11956048917016
14.0357416946322 79.3890121048809
98.6937824846946 14.4730235702009
34.7730302427898 35.2206538522086
6.98349192203022 5.68033965154745
75.651875880595 5.36808475229924
92.2180218381523 68.7804743290748
0.493951528381366 49.7964601851127
14.2771239111908 49.7102877952005
83.9242289973043 17.1485900328282
20.9242786538236 5.71239588041737
78.0171142303696 31.4407515873795
98.2168842141466 55.4318075702759
41.9499427977482 50.0421203937183
6.94336628286587 35.0787370319326
56.0037374577832 50.2556712231205
91.4390765154967 2.7831644253456
6.92779293282272 64.5330046228439
62.9101823829875 35.8827266972542
92.1369598887395 95.6173049966528
48.7487174827086 35.5274990585738
76.5380163610053 67.1211408960621
77.0569803408022 94.619367996028
54.9183771594413 80.1512951533974
48.3975124313944 64.7621993616833
93.5013183509075 29.6088877307775
41.5726481232678 79.4173876842803
0.278882738256359 79.2787902609562
84.0999356233595 81.2721386439239
20.5887645629118 94.2484402254034
0.369766721592629 20.3550492581562
41.8945647382139 20.7005694921664
20.6181672474992 64.556872264347
68.8544590209671 80.5045247493911
68.2093765065412 52.3745234287795
28.0826430202444 49.8722217470912
