55   8.90285271368779
75.1125689382934 3.14874187765211
1.34276419676226 55.7146833131847
23.0514602617768 95.4316522406883
76.6065524601237 28.0136896937914
66.806622444077 15.0322337289796
92.2665677066296 81.6460652716341
23.108113956227 68.7430149061022
22.527710099345 41.4498628964671
30.0427606770663 27.5784808963568
77.1847797588837 54.4579997707972
83.6600034607546 41.2644886014082
37.5649413120332 41.0336741983087
53.1723272454257 67.6734178175622
5.85739181578301 13.8819220684527
92.3679408802805 54.9749079449861
31.9081193532587 81.9992890697274
46.5685672809571 54.2628932285368
76.8402770941794 81.3127136072468
2.16116140423951 29.2230884102755
98.7256479349491 41.5797977898037
45.2457930423086 27.4180959732883
14.9179948499981 28.145069840368
61.7625545091907 54.1175161415055
20.1443298882035 14.5400409636127
38.1440934427171 68.0745230310542
58.3961943087634 2.98102593744881
35.4943863734512 14.3233468070903
8.14753468355047 3.58865781966597
82.5207566387478 15.2802639309634
98.929271114608 68.3970737327472
61.8552067834275 81.1285699882741
81.9531729261798 94.4647556213098
46.8562241517098 81.4811014471851
7.70136099088579 68.9822153921672
24.7519055824378 2.78257212123111
92.2830952219531 28.3290090207011
68.3360872387265 67.575048410773
67.7554009573942 94.7978322773492
97.9910954121072 15.2161558448279
83.5786811432537 68.199180162684
51.1771198445518 14.7571308834807
16.5909361093593 82.1560303296115
53.2238615011156 94.9134637362715
94.4630551052105 93.0284129727515
7.70503042326891 95.5398102669278
41.6079993257931 2.95182292267649
60.9257567467225 27.8300691112521
68.2974567955571 41.0312576476322
38.3050082024345 95.3830766820667
16.6782429017729 55.6007001903368
52.8468032443498 40.7379927977383
31.4524587399594 54.8143026844662
1.24450091073967 82.2641793231014
7.66595994159456 42.3866610329424
91.7200030904496 3.27145802279119
