56   8.74302048497115
56.5532576805894 61.8818112069622
95.5949400722879 52.7729524829192
69.399123388976 83.4479741753728
30.4934856559078 62.0971575839326
56.4658730226511 1.31719672404
82.6539580643436 61.7567611849176
17.5891908292897 83.6060510995279
69.5333978112689 68.1561627382868
56.41613461707 31.6925217183162
95.5528595683346 22.5101413000957
82.0546189295419 92.3560494195268
43.4435033159311 53.1712891739167
82.3760959114169 76.9654882728728
17.6499035503366 98.6248650646306
82.3501303083904 1.37512615935444
56.3508348534233 92.317379456603
17.6239099426811 23.0345139744437
95.6630883374632 37.6291956940549
30.5355660890632 77.1768722964965
69.6468620542338 53.0390206527332
69.1675210621906 98.6828032548592
69.5065021639843 37.9028320237815
4.40506009976667 47.2270539764431
82.6238270195783 46.5565304737061
4.33690012748186 62.3708172543556
4.59246306470308 32.2351082719397
56.5564930918025 46.8287112002947
30.5875108693812 92.389409135424
93.1492441192095 94.5679146689072
17.3460482955597 38.2432407885193
5.28402092583763 17.8297748607583
43.6491662505136 7.68260937397833
43.5838556241981 68.307473517388
6.85075269901427 5.43208934424911
95.4075445492003 67.7649029878085
95.4921658945677 7.49131756450515
94.7159738452843 82.1702371322608
56.5833811539958 77.0820376497684
17.3761602143981 53.4434737974414
30.3531347787098 46.9609724050887
17.9453671720591 7.64395476452653
56.4842943906309 16.5487582232034
69.4644229912095 22.8231163772397
69.4125152082902 7.61058725559131
30.4666105632031 31.8438237275356
30.6008768919704 16.5520082689251
43.5341476548929 98.6828097523961
82.5817464229573 31.4768156829945
4.50785173376789 92.5086930432008
82.4108239814724 16.3939498939709
4.4471390121783 77.4898790765437
17.4182392235924 68.5231893302127
43.4467401422745 38.1181883325176
30.8324584899819 1.31719026401028
43.4166206164097 22.9179510007549
43.5157072196002 83.451230324255
