57   8.68348174710431
70.2263557978945 53.0282080393067
18.2458768949417 84.75700126608
69.7111417449778 98.6066406548932
57.3952524440762 77.1179415568537
18.5950249237599 41.7566036942101
95.5741653508619 67.6769927557616
31.3382853973592 92.6223239680745
18.6754969711266 13.4178296227314
18.109336771071 99.2308118420638
4.72999487881583 92.7178298100771
95.5573435382976 7.46094208484283
94.8381273594266 82.1306135143968
44.3194708405778 53.4665261364522
83.0377236658067 46.5078323558779
4.5929707984322 7.36936027431511
70.0444599034302 37.9262222923499
95.5780336498732 22.3951075067453
31.5688185964825 47.9980905677466
82.5722460953287 16.3748732427468
4.86653509981097 78.2440193279181
5.42962449837948 21.5153000460986
4.85283701695979 49.5590408725548
31.5299153856479 77.7874012246829
93.2344400060829 94.5566505512688
44.1621799629647 7.64058327224626
82.7059068514064 31.3747416231709
69.9431843194359 83.4438151479015
56.859020347445 1.39445706911813
95.8542941926621 52.5761200263805
44.573573970718 23.0692151069238
32.122846732192 33.3566728705262
69.7755789568772 22.7136011590653
82.37549232124 92.3418649548239
83.1047553628019 61.6752205699061
57.2780837789867 46.9233013830759
32.2776970126537 18.5633043613439
70.158698799883 68.1202446793499
44.3338684329844 38.4056023869877
56.9334272400283 16.5477491460754
33.0914962938696 5.21296469721387
5.09292248416784 35.325014893926
82.7338421890898 76.9302883561258
69.7091147424129 7.5558161218975
82.5515559963533 1.44070785198807
44.4133428757777 98.2027565625081
57.3252269347102 61.9486331662366
57.0244888150594 92.3538277399801
19.1718797393774 27.7790881801421
18.4351235689945 55.9360457280802
44.4430399458001 83.4659215839266
4.93298483134121 63.906155266799
31.6180426363394 62.8647045662477
57.1531457853563 31.7883572702827
18.448866833419 70.3286071781259
44.5067775692231 68.5524254813877
95.6910016819264 37.4072556556494
17.6664051919361 1.8667052821504
