58   8.61422323163937
98.0192710389689 70.6634049982531
7.37693817203399 4.44810342233051
22.1886856357742 95.7371139817059
28.8608397380726 18.1246807757121
35.303472883751 31.8608840116605
0.481607872766116 17.49695629708
52.5570867152128 96.0157174092795
38.0926116107411 70.7282803519728
50.4478868285841 5.03781531416613
83.2252498056153 70.5475911724198
78.3511387384749 31.8200828816598
47.609663669461 58.09921935023
85.4037387355658 18.3401073974936
1.65901960501821 43.6051007919596
92.7519907476415 31.5392497961002
57.133924883358 18.5683280986662
84.7790861008295 44.9759002965682
5.10992923609407 58.9930035708821
56.0702926387444 45.2985342012349
13.0954734366118 44.6936858659338
78.6568405444944 4.89809915856967
1.64216687559167 82.5640212854487
70.3942321603256 45.2800258508163
22.0786835871404 4.53343578532526
99.6183910323314 18.2782494935964
46.5765173072322 83.547150239156
76.8590349267665 82.9780469414478
71.2075814430651 18.4286150376962
92.87149332033 4.83624176001215
33.0264911931257 58.4255330167068
18.3529576815328 58.2815066552494
53.0670568028808 70.7339555082054
77.6990410951274 57.9391693686296
16.4792574678546 82.7910006656061
7.35159503881005 95.5101346007141
22.8617046597659 70.6447969715783
67.6343289789802 95.6578771765449
7.5813889148113 70.0178610279108
37.2969190784497 95.9876804522862
68.1880571552099 70.5058908013878
92.6375449995454 57.8079605315579
82.0928817030799 95.0057907182553
27.3928088997362 45.3872526801687
61.6880922244463 83.302456648811
92.2696416984828 82.8476565969759
64.0907104708567 31.9320255245265
15.1833531460584 17.5822888600789
94.5558109578269 93.3242493868747
31.4535912477182 83.2685481342926
41.6250719406647 45.1816280712966
21.3410657102952 31.6815167388886
7.32865139553948 30.624924550497
49.7503161856219 31.9753356207212
64.5030443028954 4.92475007579125
43.0378279592446 18.6241248473406
99.135369949946 44.7652046293952
36.4319351670274 4.98054332150214
62.5935349257722 58.1215206358726
