59   8.54084325031735
29.2640401289324 82.3911577113464
7.28649598352809 69.5876422980021
36.0287121472489 68.7842772350507
67.2662329280283 4.27288565296263
5.0775123288757 15.4732512432103
92.8892794431569 68.7419517346652
62.5693175030821 16.5501116341794
49.2594403557786 42.0158999340403
42.590766728905 55.3222731317969
77.2925381337395 16.8255969137985
32.8274130670603 15.9642994940278
92.8243935391422 42.3168310776819
21.8337787265639 95.4715707775356
85.6264294940442 81.9232313912914
35.0275177623825 42.1212232320836
55.779873503511 29.1702351907938
12.9755662771026 29.6037105535746
78.7150934123783 95.1866870825751
22.3826842695707 3.84365637598521
99.5885007872652 55.479890452465
27.121662083934 28.834467978282
14.7383264158006 82.4932259074317
50.5728186951204 95.1516936109704
78.4056180956211 42.394858580764
56.7730454306493 55.2918408410692
92.4288800515443 16.731573887635
41.2762072824036 28.8455550003049
43.2410069259394 82.0695748997855
21.8586726715261 69.4083724731245
71.4838695706257 81.7947880787734
1.56907666627836 30.7363944547251
15.0197731137785 56.5168338375216
94.3324303468107 6.38941750559025
85.3725467553416 55.4716539511502
52.4284873332072 4.18974688843487
78.6141324486765 68.6435204324262
81.6631287744676 4.89098679198803
63.7136304291727 42.415475276756
99.1676877057176 29.1845044358342
7.27526971378167 43.6058441533548
84.757913382314 29.2765053256196
64.6319555772697 95.1465209335068
50.1036202229538 68.5983813648657
99.7965598582705 82.0115085845173
0.200686810669696 82.5817952607467
7.29613908581086 95.5601401228632
36.3083724008426 95.4581539175657
0.501996290756827 56.6058966516866
64.3671399275988 68.4440558076401
18.2204373583538 16.0588555158448
47.6860946179719 16.3851134046154
57.3971622688047 81.7597946364292
71.1450842812544 55.3025019885149
28.6258853059795 55.8014594160284
21.1400212350378 42.4840103121669
7.37780356866793 4.30279145415989
37.4978335356864 4.10789193400219
92.885223772988 95.2749642682795
70.221198187901 29.5481148230187
