60   8.4345928132926
31.0362576461221 57.0232084969787
6.78401135432068 94.9880596727307
18.115743097907 78.3022430092587
95.4991667195585 78.6216688821353
31.0158084031825 71.1466857141117
82.5465666838772 14.2730855463508
43.6757188011834 92.8595851614667
82.5295333622489 0.0547468021696123
5.11332769542672 29.526462434209
69.6476066193938 78.6255256990115
43.7711314934224 21.3980441243825
30.7838458227389 85.4875859218707
69.8586965086253 49.9999957017004
56.5998124950565 0.0470375970818475
95.4819742493564 7.12248546647606
43.9951633577898 64.2559695835393
69.7193513662982 64.3527606962983
5.11333007930972 70.473538702121
56.9232853530312 42.882001587732
69.7193457150155 35.6472261466392
30.7541750803939 0.21299639077949
69.5646961830673 7.11460695030786
43.6757144721853 7.1404146311778
17.930818586345 49.9999995267444
95.4991676347714 21.3783336699416
17.9790596417461 64.0782750870233
30.7838409519877 14.5123927096855
4.87537671287918 43.1171946540708
56.9232844161924 57.1179952224744
5.49695661681392 16.421209643886
82.6545998207089 57.1646590807261
82.529530202999 99.9452604951367
43.9635979073625 50.000006383635
82.5465642094635 85.726917640917
56.75305729583 71.4511813379299
43.7711432086309 78.6019604044144
69.6475978259309 21.374463131813
6.78401151768048 5.01194010616746
17.9451475511887 7.20993320868231
17.9790603618308 35.9217283523892
5.49695647789637 83.5787897946429
95.4819726933201 92.8775155197738
17.9451502517331 92.7900686292071
43.9951682638613 35.7440412817962
82.6137370521691 71.4570029351443
82.6545931938481 42.8353356274684
95.5400294906804 49.9999974466942
4.8753795906903 56.8828103377891
82.6137313391931 28.5429912043324
56.6655753154293 85.7138966820981
95.5491631442919 64.3236429341196
95.5491565158081 35.6763560772524
69.564696542715 92.8853907814776
30.7541802741762 99.7869824499777
18.1157418378927 21.6977626372531
56.7530485217017 28.5488134897289
56.5998164574557 99.9529545519392
56.6655636538506 14.286099994064
31.0158098827401 28.8533058422381
31.0362613258153 42.9767806245751
