61   8.38144014476153
18.0051929778128 98.1424278645676
44.8949926201812 49.5381816917708
44.8893259960029 78.2053822792484
19.0615597582635 87.0670005772659
57.7552901758699 56.8789574304858
18.6350352519282 20.9072155326373
31.9611775258762 42.2788087525493
70.0858255119406 21.2970317254031
83.1217307537813 42.8928644691452
44.4500081547715 21.2308946759892
69.8792049750351 7.07676809040029
69.880847771891 78.7601431754127
18.9074720528648 61.1486071622367
56.9202127242822 85.5301031582448
19.4442056127596 73.7847474551599
32.9472888107121 95.0575401458119
5.22784933206547 54.7152388620598
44.8529783217521 63.6751001035324
5.39279228579007 28.4472603562463
44.7297879443883 35.3630811784375
95.6150856621279 21.3668990935839
57.0108982108359 0.258930877741497
82.7864852476569 71.5894021374262
83.0178091842627 57.2479330137418
57.1651568436267 14.3181585271376
32.5328774114194 82.4302372582966
4.91609544781307 93.2117347983294
5.76424006224175 80.3388927588025
69.6676919883994 92.9299123881128
32.5702949353716 68.880082561388
31.7168023610483 28.8516437090673
31.3455376630882 1.05021983396969
57.6625948986638 42.6574345449051
95.4649945197452 92.9514353553921
57.4719286082908 28.4667402495912
82.7501721003209 0.149873101073974
70.4390505199354 49.9357827250398
70.3305886389394 64.3811590584316
95.724391350207 35.7186651180523
5.67374941852337 15.8621170442493
57.4278097081239 71.1885637559216
32.0445676390814 55.6269681416167
82.9582045282892 28.5227767102897
95.7785156934775 50.1682192661392
56.7885319651978 99.7524134018042
44.0635659833206 92.8340712868828
44.1471891525725 7.07968371661947
82.6310065678306 85.7841743644382
31.4522253263429 14.8876220124738
6.838100738707 4.84653647246887
18.6177607648237 47.9341104992721
95.5471884427921 78.8020955873944
95.6204691174533 64.5551154055283
82.5495292798732 99.8718099787401
18.5083251439181 34.6062666320553
95.5651359762705 7.11199809208541
5.10112477846552 41.5137027178716
82.7987997431181 14.2723151138422
18.3531786556139 6.95517231133393
70.3454055064442 35.6070380664471
5.29879754908518 67.7603738892649
