62   8.31946105884447
93.2115531454695 44.4677461300453
52.5100519604187 45.5232637532111
71.96895755945 31.9338945289584
7.11010711477661 69.8944525094412
35.3238582971389 95.9832692984052
79.4947638160188 18.7038033262498
39.0191538560584 45.5621342168053
42.8426234197906 83.5932819010338
92.9708962676697 70.1542204499128
17.3810576128605 58.4204569126317
21.5815284227516 70.7728920674341
71.9568571206473 5.37659536623443
85.6002984753367 31.5577279895298
14.2846606733461 82.7258289714698
71.6055898916323 57.9761791317479
46.0155344445623 32.3579847684729
0.958445979534332 17.9700822239392
58.9411722811877 32.1594915601655
12.6529969855765 44.9895111016059
46.1313893976039 5.28611454042028
20.9659559221182 95.6187527877884
92.9288013003549 95.6168982220115
30.8221368832166 58.6465582657339
20.2461260768469 4.88889277082734
1.69606973294152 44.0470310175442
99.1583643942405 31.3815567750135
85.1978126718689 57.6273118415624
98.6757081328074 57.4905402168224
40.3485400050268 18.9426747227273
49.8626692174876 95.9252357473129
53.2396862443704 18.7446928248203
66.2071185611246 18.5967242992587
64.6622056325193 70.7912755033394
85.7301605892856 83.0302082737876
33.3423699734238 5.35747900078902
50.3301933903587 71.1180812223023
78.7159976692937 95.7325755913259
6.75734776380705 4.85300738853402
78.8493763689702 70.4857922399653
32.7438537971785 32.1051049825223
99.7168169822153 82.9191563623317
19.7209451682031 31.8855161749522
65.9774616590679 45.1936458793803
93.1583178288885 18.3714043954678
95.2340315664478 6.81901584326988
4.9434173839185 58.8832614346175
25.8801243189056 45.4869117709975
6.7709073483776 31.0682207581583
44.3623940740565 58.5237070065643
71.5661239274191 83.2962593542554
79.6029622471965 44.7945401586745
58.0263082905151 58.4367681001672
27.1929645001563 18.5454486318293
64.3451591515406 95.8827662799238
84.3867968280683 5.67729091796068
36.0348585183523 70.9275658714746
57.3092883236323 83.4913816160834
0.265508841918865 82.5293754867744
6.94680405966937 95.4222992958967
28.5170192763013 83.2867989517484
59.0818895978737 5.15954613135936
14.4472242733855 18.0059675992665
