63   8.25433216511968
57.7574985772055 27.4562050829413
5.26196060240308 28.0777157087578
44.4755670129678 20.0151190017743
57.3607584351644 14.1542948364276
4.86606767267257 66.5652009189944
84.2305476100457 69.4895241261352
5.23953902797803 40.8155984374462
95.748347487672 21.0722372630262
58.0847213257975 41.018311994881
17.9579049709535 72.4159417662197
69.8385780670505 98.2775450381448
70.4650367068181 20.2661180172751
4.87720649361384 79.8920312957502
71.2311171469514 61.3306388429966
71.0435515216247 47.7510912893448
57.729408897148 80.5786596193012
31.7153377571969 27.6447130180412
31.0546649370517 0.741790924202172
18.4181968955985 20.3939961884148
57.0929697831743 0.935749317778454
30.8379819223192 93.3094085077506
5.27129286685089 53.5457481076231
31.4501678338519 66.8060520798005
32.0113049527513 40.5833081973693
43.90082179846 85.6717267314737
44.9328943685588 60.0010890971002
44.0837239552347 6.70939095582379
96.029876354094 64.0750687270775
83.818688938765 55.8962958311449
83.5882428033431 42.0723297017383
17.8790719998774 85.8077414147724
5.58602703607051 15.640986209386
18.1449180950449 6.79330756533981
95.6234444850124 6.99855416780338
18.5192488729636 33.4894102629316
4.78723471673109 93.2756873312464
31.812368666071 53.7684939517468
95.9864342779824 49.6253548766545
58.1924630310542 54.4237481893161
56.9162460342973 93.3206092997951
84.1087400891449 82.8093957301663
95.6298038451059 92.9974731551227
83.1390334886813 14.670077600942
31.1781533736247 14.2414946660089
83.3405818179984 28.3420710741333
57.9197691794461 67.6703404999312
45.0176853761002 33.4149607587419
45.120505957093 46.8239911721864
83.0968704935804 1.30812751443252
70.733801466719 33.981688733769
84.5854013754579 95.1431526034514
95.8454249879083 35.2799326670356
44.480269522236 73.10398049582
30.9656222936268 79.8825878598559
70.1204709968631 6.69627098271837
70.7970460079655 87.4655039971383
71.2210973131313 74.3829616776453
18.3519997127233 59.4047172824992
6.72805231291568 4.78197778819595
17.7891001900134 99.1913974199641
96.226906893263 78.6534365803818
43.8693819096661 99.0300801569043
18.7254184251504 46.3590031509341
