64   8.15215023538032
18.1400648283883 6.6942807762814
56.5082235016162 0.854421016591585
56.3964090356712 80.0239254388648
43.5213680314975 85.909897307397
43.7039411522089 6.66299093391202
30.4939498775524 53.7021710554528
95.2734582251964 59.2825408931531
5.49240478799996 15.1845084048691
18.0147607370723 20.0971093206685
17.7458590673561 33.2879980531917
69.1000231639482 99.1454657766664
43.4385781272244 59.4135613186285
69.320393894022 19.8718779729637
56.364933949592 66.7322607816065
4.80782546208319 67.1844973604311
69.3611973632248 6.62839849144687
30.7911172201458 27.4874725750335
4.84438625522307 93.4433642088552
69.3745036693721 33.0785728056957
82.2089894837118 0.902235535935159
43.6349932598577 33.2680298872325
56.5613131436477 40.5867197581904
17.6661660787161 59.6612320001717
82.2129872196309 14.0183346344378
6.74386836422491 4.58015188557329
69.3929142930045 59.3810843880481
82.2541059974617 66.7120506627739
95.1922669019094 32.8156083104841
30.6798063393711 80.1281451989767
94.5076113728705 84.8153950390697
56.2958793088328 93.336920069063
69.1591871402283 85.8614072016518
56.4786014873782 14.0899091202956
81.9856039878364 79.9030408575242
95.1555293140409 6.55657358939061
69.5058507368385 46.2975282819924
30.8409222024233 14.1385411388875
30.6387055042806 93.371686968523
95.2434618370564 46.0198095256055
30.6070275443 40.6185821568495
4.84068403059073 80.3273588391312
82.2496417192704 27.1585330849631
5.00713703871531 27.6419183380494
93.2561595631414 95.4198071557621
82.4355414865173 53.5790191178039
43.6038906225797 19.9761195461435
81.8597905862077 93.3058586419628
30.899651325366 0.854349891492955
17.750553785668 72.8414183192041
43.5220269810353 46.3517059669893
17.7871151415409 85.9815471578145
30.6253739708228 66.9212361852883
17.7908179526858 99.0975529541028
56.4594579921464 27.3460170396937
43.5404837827685 72.6542825783937
4.75639867307925 53.9802635757951
94.9929495205108 72.3579031429836
69.2091455580955 72.5123491042548
43.4917609168333 99.1452244177976
17.5643246528633 46.4209430380131
82.3337392900854 40.3386732328377
4.72638801854464 40.7173226643936
95.1594258515772 19.6725980077463
56.4779478344998 53.6486795016591
