65   8.11205565213646
45.5203036881794 31.2194458631673
53.2044201095795 44.1672749149077
13.40625253867 18.0427601962618
66.8724193137241 69.7866231780827
1.15812679553 43.8034688469197
79.7466812421658 44.444045328521
20.050596819861 82.1090095853712
46.2036742703013 57.0488073817234
14.119050532019 69.3526929409882
67.3593348332797 95.2528003801555
40.2107698736401 44.0175434752155
14.0747108840255 43.877335607346
19.4885050873022 31.0928226266486
6.48636277130154 30.9029034580453
53.6419897891493 69.9625189684438
6.44563125242712 4.92537150670692
58.4387288780819 31.399958892772
80.4592509338981 95.1761511794716
27.4058122366997 69.4671553144435
57.1729364548519 5.10546886665423
32.4848932854037 31.2272692582403
27.5543738655397 95.0826795774549
38.8408007869529 18.2832681991423
88.4239142045226 18.7721051435136
80.1831074673719 69.5270864188557
71.0241711611007 31.9880118056612
6.60051743509345 56.5482120171135
59.6767041950961 82.6550160689482
66.2671743068073 44.2584968242438
26.1789668769036 18.1941461140401
99.0379988207683 82.2636155340879
6.6913470221051 81.9646837884393
33.1753274151159 56.8512131099213
46.4116229838401 82.7830478200449
54.0713386511779 95.4413989614211
15.0882988701051 94.5563203818992
93.4043442854308 69.4862224701792
44.5737972065399 5.11623744388145
0.594021161869808 17.9410202484869
69.5680662457307 5.35750184126317
40.6837252640398 95.3939794082192
63.8583800258833 18.5531871011803
93.5846624738479 4.96476471526311
98.4048928211477 17.8832126607304
72.4968472704569 56.9641186940235
19.8620042970388 56.6978952024544
93.3229937253029 44.0421012488659
86.006645631657 82.2805528661238
40.5567350484036 69.840143087849
75.9173847890666 19.1648422894328
72.9192905806039 82.3741400489126
27.0946013131458 44.0440930237984
81.4142915476855 5.7170827365567
51.4718869055352 18.3118973688086
95.5754546569364 32.6360754845664
33.2037715912214 82.4852373417812
99.0594665917158 56.7062944930512
0.940526076071871 69.3213438174862
83.9276862709947 32.0831274499054
85.8386609290541 56.7477609134065
4.53699966202839 93.2753378545749
59.254266479046 57.1233183661307
19.2578626045433 5.02711147061951
93.4906041444559 95.1592138386331
31.9515292751603 5.07677799627872
