66   8.06456389286756
6.40942942578101 4.8945280892367
4.32997571527077 41.7510873211722
98.678897833856 30.169163242972
59.2993233885209 4.60846754192634
6.43572347005829 95.1400973912969
32.6333679136005 4.44520076008108
66.8355717745109 17.452780279555
31.7508234039432 94.6609209431499
61.3285661479399 55.4019519249222
41.4004490363866 42.3023707857625
33.3934787295223 29.749831642472
99.2986245256951 55.999677704327
93.6558398888155 95.0211626923871
80.891926154564 68.7708150746696
59.7228948677885 30.053027453737
19.2890735927256 95.1162250196796
6.41638359686633 69.2976293318055
55.7177479983164 68.4545643108282
67.4601419855261 42.8943924917087
73.9605501185636 55.6156253463871
74.4663533380392 81.7413605546331
28.7072585313756 42.1186548941624
6.63121837861367 30.3579541840299
37.4860032311868 81.314756202524
43.8826707169937 94.7106896276064
27.1870962544138 17.1495824156088
53.7363780946384 17.1465584145023
15.9067422594914 42.2087657775976
86.6417873496069 55.897792314677
95.396774801804 6.62174506825977
72.3545412671228 4.85805250874154
93.2976329870671 17.728517035197
93.6104446831121 43.0452268513036
79.880687215418 17.7210637492881
18.5069341168522 68.4103259323814
54.346281255837 42.4486497740042
1.47362299842199 56.4834370777244
25.1307671583133 81.7151231291605
0.507514128261324 82.2316160658083
68.5559795963345 94.8788689429504
48.8875495517664 55.1783638542687
93.631345065854 68.9811505779799
36.1821107102914 55.1596232937389
11.3703419081851 55.5149860649377
13.3585000591288 82.2075949588898
99.647455541458 81.9854711597145
85.8521006747728 30.2317163482044
23.814798310709 54.9987485633396
68.2616612521182 68.5554170173664
46.0217202575004 4.54842590187205
84.7926055189164 5.38756532662938
56.1482552270754 94.8162531975014
43.2294717480459 68.170845700087
46.5544021089153 29.6435823113882
72.7897637127337 30.3775509698155
49.7079867372763 81.4700884661362
1.09655948242933 17.7787212471303
30.6330976599809 68.2889094614774
81.0487616971077 94.9193459253507
62.0255749135893 81.6382678120467
19.3616899229309 4.71471657363111
20.0750367130641 29.7506656711211
87.0403774423727 81.8836543330922
80.6948425361342 42.9902553181176
14.048819942947 17.5989097332275
40.389433148838 16.9832910605005
