67   7.99909964499426
99.9997336882315 38.4004541288596
0.000212287156254209 38.4004405088199
35.7144251186493 26.7997973389624
92.8574803521915 3.6013897585508
71.4285330849355 84.7998084262574
35.7137526903985 3.60027053385114
64.2855124828831 26.7997382612658
7.14253998140339 96.3986505893408
78.5708869666697 49.9999817600466
92.8568744640813 26.8011666256217
28.5714509690192 84.7998293231139
28.5721038449956 61.599631293026
49.9999808432875 26.7991361172159
92.8568802780951 73.1988787911705
92.8570132316196 50.0000169450941
50.0000165424717 96.3998318021058
21.4278821920452 96.3991707454612
78.5721695207176 3.60085118003107
99.9993598425627 15.201879135624
64.2862675369834 3.60021710652711
99.9997965302543 61.5995797612122
50.0000165161391 50.0000326368023
92.8574660197501 96.3986386830511
85.7140335030553 84.7986806454526
0.000218511755479156 61.5995535149123
57.1429271629662 15.199436062049
78.5721445195377 96.399141579088
57.1429512700984 84.8004986212816
14.2859716027414 84.7987217156037
35.7144038350506 73.2002379969084
42.857534927367 38.3994439497289
7.14310710279336 73.1988775826997
14.2862861131523 38.4006270533722
42.8570625090817 84.8004903541573
49.9999966486648 3.60011931293025
71.4279067304122 61.5996062864973
71.4285241754546 15.2001679109432
78.5709795179444 73.1992125121716
64.284988205013 49.9999568376188
64.2855487021423 73.2002021952584
85.7137378717005 61.599410659811
28.5721196922178 38.4003837972492
64.2862544849833 96.3997664597427
99.9993549202165 84.7981777609384
21.4289763074232 26.800803786148
21.4289709453593 73.199222616271
42.8575108024987 61.6005952286678
0.000657305822300724 15.2017936549673
14.2862865143365 61.5993784949081
14.2859916389942 15.2012937967965
85.7140490931004 15.2013405557351
85.7136927595972 38.4005880390666
57.142471244574 38.3994383021426
42.8570650363231 15.1994894935284
28.5714757448433 15.2002173201241
7.14310742516825 26.801117070036
35.7150641969405 50.0000065418966
49.9999894615601 73.2008475847826
71.4278557187694 38.4003323116562
7.14254119821706 3.60134701916832
78.5709623496833 26.8007619621816
21.4291520860363 50.0000085494376
0.000629491115154757 84.7982015750604
57.1424984954087 61.6005511663742
35.7137827617698 96.3997581954045
7.14298994989936 49.9999970127537
21.4278756063472 3.60084716079994
