68   7.93948838558879
93.7839517766151 95.0607469887764
25.3426917326345 30.9907915052282
62.4217602872976 56.7196845515831
31.3362395092426 43.8738027579516
50.0000724114975 82.4098140987137
74.6572489690154 30.9907249975331
56.3049726443423 95.1745929389399
0.0631894097631442 56.4463760685176
56.2616980294192 69.5890122132568
43.8084278263989 43.8588474674704
74.1972525662859 5.31517829684456
80.9426790671858 18.200601962863
6.22453788519465 69.314162848909
0.216749371671321 30.7905126043188
87.2302943820881 30.8461913661847
6.25483005997876 43.6170904437604
31.1976227881947 69.4678670310328
18.6835147252793 69.3627569106343
68.858588002351 95.1022252242068
81.3165244599317 69.3626346745406
4.31614997502766 6.6638070672343
18.7837500124797 43.7035190225626
93.7451508283672 43.6169155155949
49.999862218654 5.07513115794504
6.21609341123705 95.0608038584178
68.6637267617776 43.8737559475947
95.6837901666295 6.66376829717774
56.1915593223478 43.8587894051364
18.6625163614517 95.078773601127
62.20245111431 5.08550579876812
43.6952630166488 95.174649246323
81.3376368567697 95.0786940422544
99.7832409554793 30.790362384083
31.1416163102285 95.1022102352057
87.5398454547297 82.1999646908384
81.2162652577747 43.7033660793916
50.0000308279414 56.7682151730696
0.0254554053205456 82.1821601717966
49.9999570067826 30.949421710971
37.5782398674062 56.7197237501268
43.7383953044081 69.5890170579933
6.35197186248996 18.0907988641681
99.9746229369529 82.1820461812313
14.2685163673013 5.59182793617343
43.8307151903123 18.0123253870773
93.7754962307773 69.3140055189623
85.7313295954664 5.5917933439898
56.1690937127233 18.0122283918603
37.7146332510424 31.014309571186
74.9551791156963 56.5891939893129
25.0448034031527 56.5893272850637
68.4617344963833 18.0862331970929
24.9249786012435 82.2415072918373
62.5537769770802 82.3373297570628
93.648000983589 18.0906851132178
12.7696852201322 30.846376959915
87.4635434043722 56.4768869635046
62.2851735623349 31.0142471577275
12.4602834245209 82.2001011556764
99.9367450462576 56.4461761733401
75.0751845270157 82.241442687804
31.5381113416242 18.0862144413318
37.4464226840101 82.3373710773024
19.0571915673715 18.2007248899015
37.7972844335018 5.08551911878072
12.5364138128548 56.4770292925327
68.8024708791364 69.4677905906061
25.8025265839824 5.31521434985912
