69   7.8944613727925
26.4696764245597 92.9563134557995
36.7325326862472 42.7017144668878
14.497108995216 14.3581104191353
49.1893358826584 92.8620280132625
59.6117246915643 28.4556828278734
25.8229331770499 7.12890583552034
95.3319222987235 84.1285964782001
71.6439524364475 6.7641612583745
95.6342838228588 19.7872506346903
59.8065345734358 1.41310994661352
59.1112494625703 82.3020912006325
37.1040319040767 0.272594866957777
3.3977488412924 64.6112766135775
25.5421108106412 35.7534782220138
71.2060108803744 47.1600722808955
3.22919272987583 50.2816137673217
36.7956190524006 57.0319094675642
48.1273686355494 35.3554408078217
48.5166809342769 7.06482324833277
26.2118916090836 78.817792991495
95.6063720232183 46.0912017737282
95.6758922585868 6.60489298927132
83.8257977812755 92.957257737079
37.7430542304062 85.5973654094324
83.4318368324079 40.5987499251999
37.1934458010129 71.3276565306843
83.4914899316137 14.2735337780488
48.3101991409951 78.385976316946
95.330641114402 59.0155559155392
14.538037461869 0.119913598455188
3.28042064792029 21.5033637877874
58.8366003569346 68.6826946030583
72.6120724289503 98.0384806738452
3.24453590964717 35.8808973001724
14.521343253321 57.3767798181395
93.6963154908444 95.2475186299416
36.8089038371483 28.5170270294514
82.9495061690464 66.7013693436198
83.2542400590936 53.6456891819158
70.6114703562366 73.4504570213446
3.55870433070231 92.953146596119
59.1232169953208 55.1838967882236
14.4193582934974 28.669591898266
58.7633685698966 95.1153249997864
71.5161619486646 20.3191825195989
3.3222434327472 7.16136990666458
37.0124187133466 14.3558116241604
37.9258798047085 99.7743281553608
83.5330983073509 1.09117607929284
15.0110584167705 99.8868071039886
70.7752385057161 60.2959542289934
25.759318105601 64.4985121297357
14.9360991176686 85.83787634923
48.0933502640662 63.8802829210139
25.5608145309165 50.1061433867453
59.3382161802621 41.8279151081848
47.9678434771959 49.5796264993311
25.6858590583825 21.4120479405413
71.1920067724627 86.8722912980511
95.1010595583279 71.5716064149456
95.6438692201478 32.9485320702952
83.4594668690559 27.4622436007888
71.4362420066595 33.8144486104717
59.7656046833784 14.9166328618738
82.9365966040563 79.7559709523382
48.2896333020032 21.2139689266219
3.48299312521189 78.8217128610704
14.7751436240471 71.6651670496546
14.3681303080336 43.0540143745015
