70   7.83041918455907
6.81623694829889 83.933047067927
28.4056281004214 14.2530783239263
6.96324886725051 3.58170726587949
49.7037570227694 3.02500828534746
12.8032474386723 48.1454572202268
4.90175966345123 93.8935923196841
85.038653038063 36.393012713104
1.76513182014259 49.4584176359349
17.4797974240804 36.0645916519308
20.9899006884709 3.37991132246558
79.7377845659759 47.900837460086
85.878077637535 83.6072839472027
33.8461034863937 83.5260342075262
40.744664527381 71.2568875870917
53.8382977206054 71.2247169719189
85.6790093252862 59.7589169777964
41.4600997726084 95.5645959741741
92.8602110742067 3.21541243209504
93.3371424270498 71.7522463988265
58.0076162732936 35.8339521623531
6.87989322966909 60.8266173870863
35.819486446473 24.9868276924878
66.9229014998793 71.4951834896425
71.3939468190145 13.9923676824711
21.3994122104615 25.2786462389281
72.4440198636042 59.5155496431367
1.07350103228189 72.3224246026657
44.4209948841906 35.7452076767615
93.4612679790589 95.6918161408512
92.9233883736377 25.4360690066615
14.7339801499569 72.4996207986753
46.8450994166767 83.3537231304952
52.7192028120763 47.3630728950765
64.1469081173418 3.02951173777327
78.7200820020046 25.1646995574465
30.8246610386507 35.7117446671837
72.8033516554555 83.6031312291067
59.3964584687827 59.3038291544346
99.7534924018266 14.2573628707032
50.1490381036562 24.7771285574315
66.2026408859522 47.6234052672932
71.5209785207645 36.1469192134737
85.6381895877346 14.1784539824035
64.4723846481348 24.9707671255806
46.2076079620552 59.1887460106451
98.9271019269987 59.8820672339643
80.3953418342682 95.6743553872265
42.6915505168678 13.8981753074673
7.06740535374646 26.1905873643133
4.86755304337569 35.6958309042675
67.3321537374577 95.6876634199069
28.4701067354763 95.6890083309004
80.0574907314652 71.5775191843809
15.8683725101582 95.0469182832533
57.1069856770632 13.8828098061286
54.3546857631882 95.5477110995768
33.0027748167179 59.395767130015
35.2672706062161 3.04534772632714
14.2284122588788 14.7894378344771
26.0254587452287 47.6099060392076
59.8345177642125 83.4767268457771
27.6346504284899 71.6043216938662
98.9440037780368 83.6247447124042
0.201760428686215 14.9912338030117
19.805025370316 59.8892700382351
93.2618711008263 48.1363782490159
78.5439809533127 3.13275512323998
39.318099216525 47.2569283692239
20.7068569418784 83.8308726395324
98.4701027902357 36.4677474245836
