71   7.76409929383009
96.9243606807476 21.2840885045298
51.9751265642728 46.4617260781132
86.7072736959 82.6751474445234
51.5568103870418 19.8602047124684
27.6276667588388 72.1487643548673
75.1717933317039 74.2527544854858
40.0723877738829 53.5353359552619
40.1196432840976 40.3890921711055
4.15576131504734 19.7500338768296
63.3572124373375 27.5146807279132
39.1030335943824 79.8566097227831
28.2542581724672 46.0292441443428
15.9589454854226 79.5930254842424
63.6087455923622 40.8409792842928
38.940240334894 93.3284595788297
97.0946885609283 49.9373376661679
86.0075156863895 1.54708256599188
15.9070169830914 93.143421598342
86.1640995623277 28.5896665056301
4.35273625519812 45.5970007515862
96.6593112534902 92.9913598672138
63.0571640701695 80.5325079474459
39.9544359500829 27.1370329692302
62.2337662117856 93.3107193802652
16.398660174647 40.2086307739596
50.6019805258256 98.9325467124246
50.5720260113553 85.5717256807632
4.12829304681713 58.6018188613816
75.1635072551764 61.1414753434807
4.66263990410075 84.2677230494737
51.1770962550508 6.61801397770596
4.35197876147461 32.7380394202773
74.7911853901396 87.3540319456023
28.2817264255622 32.8953817854986
6.13220604768139 95.2379325142538
28.0107851970529 59.0469564690267
74.5084455886714 6.71892369134462
97.0739602742775 64.3289947830529
63.6351137497196 54.2017629621766
15.9455054704229 14.1955182479281
63.1061261731286 14.1904648725393
39.5845873112243 14.0431372943165
51.2027473917955 72.9120440727256
74.9330222636148 33.9097127098407
27.8920759048201 19.7896921276189
4.09579897409609 6.59588269324741
86.4953574149351 55.9449749817784
15.9307439804568 66.2311612333414
27.4519934377936 85.6277737892376
97.1727780627752 78.7516718146799
74.7354420093741 20.283376777176
16.2016852476343 27.2211379938123
75.1842670334134 47.5735731556648
27.2592456888524 99.0818834381809
27.6386974469335 6.61846346400681
62.9274076053698 1.06745324098002
63.2450955401095 67.5497603021018
51.8098704885323 33.1855507589507
16.1749744537079 53.2139616830012
86.0073499118537 14.9850259351691
97.0025131588788 35.5751654033666
86.7937282136663 69.3842950356924
39.6900268495943 66.6376566384755
73.7392920170969 98.2491474154871
15.885543109267 1.04136707323336
51.7889831238648 59.6925782328029
39.4075304614089 0.918116541678294
87.3110120226047 95.0816817867941
86.3529100314772 42.2209515659448
96.8079585898085 7.07757793329074
4.33516691793131 71.6184968817106
