72   7.66010793093262
6.68460154625784 38.6563223363811
4.69597336521838 6.05186646140646
46.4522384810032 38.4455259521063
19.9864369665717 38.5386067795216
67.0338860333994 73.1640021063235
59.528586069087 38.3648360506474
72.7907742009587 84.636165358196
99.0223657287443 84.3395162007655
15.4158060513437 4.73184660651919
59.6107092982756 15.2725993720432
46.3926373739513 84.6153504115312
33.2614695902628 84.4435159098938
53.9474806714279 96.1393842891415
80.1635892289662 72.9930471345742
80.1634969482337 27.0049929923897
80.4093859060085 3.95075753882517
53.9420266211183 49.999894651983
27.5571272693671 27.1208228457199
72.620047347665 61.5288653860193
67.2062740994734 96.1852921484472
6.64986504443673 15.9059097175534
85.8137519325503 61.4632004646258
15.416671740124 95.2690890211801
53.8929409663974 26.8104877697415
85.9468443017094 84.4193650938787
53.9450032779423 3.86050180338386
72.7895722673539 15.3628680159119
27.5574417011835 72.8809512764291
40.7366052327007 27.0277173309037
66.9697001803437 49.9989587334095
67.0331601695709 26.8348749862921
6.68454844742495 61.3455789346772
19.9865748190643 61.4631886255442
20.0132151273515 15.7682741495629
40.7529345623916 3.92872514076321
85.9463037828701 15.5788657973611
85.8137961015892 38.5348930666229
14.2295217603347 27.1940008192877
72.6200567205798 38.4690978014716
33.2599549100785 15.5574330921871
67.2039424278482 3.81456983950348
93.3837837879774 27.1166509763038
33.2469161900138 38.5829287727899
93.4860328665236 4.03056864853716
99.0229515038742 15.6586781870865
27.8083533589379 4.25641474930666
53.8942348493392 73.1892440707966
40.7554979661945 96.0712421619122
40.7373388350412 72.9729474867016
59.6125140049804 84.7272376849013
14.2961319656379 50.001006561063
0.927801597429303 72.6901552925992
59.5291787998662 61.6340189926302
27.5308416697068 50.0007899744016
40.8169655857233 50.0007911324383
0.926986724032318 50.0009031911322
46.3906750114414 15.3844702624598
99.0726870355523 61.4172878204554
6.65039448368199 84.0951180381948
93.3838209650405 72.8815550241852
33.2469297480159 61.4186540530303
46.4527918007891 61.5551614862922
93.3571537847919 49.9990902508066
20.0141268643212 84.2334645595847
80.1246359012021 49.9990024170823
27.8104450846731 95.7443203501767
80.4110941205278 96.0483386283204
99.0728439351041 38.580873576022
0.92762850576099 27.3118197324511
93.4866148792498 95.968490873609
14.2297714205651 72.8076569467947
4.696038800932 93.9481843373796
