73   7.62024302843958
59.3566119835305 3.93244448258762
99.0239212160309 49.5362111870199
93.3501987177031 60.8150055020524
27.3261999618076 37.8918873393624
58.3230268083771 71.9689110444055
19.158948087385 95.8029907553483
53.6586562941383 15.1150644603404
85.7205538291873 49.5429466902035
98.3931124119996 84.2556727375777
19.7487751098831 26.6505450705733
0.97607757064649 38.2936770918022
53.4690679983039 37.9341436946948
84.5389938071312 4.71165922448471
1.26347553747097 60.9285354715248
6.57465030710445 26.8836638911453
6.51398119461232 3.95425755318138
40.4026059097863 37.8109471208419
32.9125508694081 49.322682389187
66.4604765977155 60.6514630758876
85.7671294609748 26.9377212563828
69.4264527918131 95.4187293716395
40.4448338732201 14.9482840927087
0.945934526192988 15.4698186768219
72.3721180166398 49.3622550087025
45.4286042486673 72.3213905786107
14.1494435739906 60.8789463899271
14.1312337265145 38.1627104323981
19.8308405584525 49.394871272363
46.0711002420243 26.3841277232948
14.0301219649423 15.3756768859636
95.4803638482495 70.6715539309662
27.1401926521202 60.8517433838034
45.9227849847723 49.3517277957937
72.4331552543302 26.9998246102533
13.3529732948585 84.0686560422849
81.3653581556918 95.1162834864516
59.0293955160716 49.4086997407305
72.2168788475392 4.23792654959441
27.1989151081384 15.1337616975174
57.0664119174343 95.6702871798803
80.0119403706262 15.7150938316972
40.1557108316872 60.889542081106
32.3729613786054 72.3498375815667
93.3464318529181 38.2641560030655
95.264007306163 5.96979698064388
75.869377167682 82.937906354389
6.61587497098133 49.632458217453
6.39933187689167 95.8627720517688
79.8684246396021 60.4832685606246
83.8688006793854 71.3412925391529
66.855712493897 15.4697473239656
32.8231945425627 3.71234140715483
26.0839720699731 83.9658253272635
46.1537267418171 3.67463815454338
31.850899315786 95.7599413088977
0.593357077837048 84.1284373487288
59.2258943759065 26.6617807101378
99.0451564571747 26.9893885247584
19.5981686278669 3.86011576521555
51.3531969918985 83.7958861340287
66.6640131834189 38.1455690524824
6.45864201895972 72.4873168732156
93.3633943387804 15.6843994339288
80.0721693289532 38.2192236939307
53.2060880783917 60.8523627132938
44.4891386234085 95.7227056215063
38.750829049872 83.8855405226146
32.9384653759801 26.3709189650875
93.6074617606064 95.8522829587776
70.9956115756463 71.4803671664279
63.749110249207 83.4919110239036
19.3896866833862 72.3648281640114
88.3512511272201 83.3714596263666
