74   7.57391011938228
59.7688739075971 23.8734705685138
15.205462703519 85.9707756129696
15.0572979841421 33.2134816691313
4.63405680286377 15.5473053836613
83.7547447976722 62.1425402119597
95.6753245665999 68.6608054037497
48.6300831238038 41.5230533334824
48.3141146190498 28.7913669289033
15.2994430621038 99.0177518801351
60.2653351122009 74.0054613380816
15.4951087832323 19.9049171007702
26.1754108424611 40.8217667080758
72.7103522941743 6.38383171827791
26.3866091386052 80.2902198470519
71.8578198962002 18.5252740905836
3.70338266077788 40.7215089678939
71.9349622883271 68.3639610754378
15.4625018626044 6.60322846540787
37.5296170385482 33.4464016805605
60.2456563535378 11.4309106945718
26.3994168431891 27.6244972389877
37.4236164684064 20.0661434448435
60.0757800521256 61.4337846676126
37.3262005143039 59.6867513497081
49.2338019200907 93.562827803721
26.6168704285174 14.1917734232002
83.4844906306313 37.5047991188266
37.7501239039637 85.7594963055194
95.5189854333571 31.7092608031942
60.0008174507469 48.9416278357434
14.9772591405383 72.8478431225269
26.0956272775265 67.1329542367342
48.6670083588044 67.5779905589436
72.1314248233761 80.9308378101325
26.5821493034875 93.4326259881973
37.7989275074797 98.603326606921
95.9522214614553 6.40153114957502
47.63289219423 4.41779760993833
3.66653059253587 67.2787804547115
95.646543241488 56.2452812914853
84.3452153769322 0.471371566084652
14.7802297665714 59.6351474908663
60.5913083504623 86.6546998130854
48.613938500494 54.5582430237821
48.9858920878982 80.5997628942308
95.9498682178337 19.2031048594702
3.89474806224462 93.5042281422357
37.3691905536309 46.6096087460247
95.5326282617597 43.9314760677516
37.8410435495385 6.64196195469142
83.8342092475102 74.5930113653671
84.34098071456 13.2417365512941
61.209807457315 1.49493630880916
83.8977519271403 25.1029877617547
83.6120495121129 49.8086166263835
3.60372017679239 53.9898833936313
72.3937828332075 93.6238456947827
4.22149224991841 27.8264327796933
3.80076770284562 80.4572518661735
84.0485421714548 99.6794385173188
37.517452803146 72.7868310100575
83.9667172800434 87.1187515530568
71.7214186645234 43.3335695602207
26.6866753233771 0.946583174009463
71.7903209436946 30.6878479338993
60.7654020576738 99.2919859572808
71.8625635101719 55.8700244619507
14.817023139779 46.4011032522301
95.7260077350086 81.131393784075
25.9980684136367 53.975039659049
48.2724041398293 15.9921026953403
95.8078326734278 93.6920807001588
5.87642697137198 4.77825490900432
60.045742370687 36.2799602891738
