75   7.52512607603831
43.7396856520954 27.966043615502
6.41783206319944 73.6969233206764
37.4860416252124 16.1382131158012
84.5148815590655 95.4207982504056
84.041417435819 74.6966539009168
49.8292883408684 16.2468916860199
56.9416586992128 51.3098649513196
32.539106516129 96.2039168402957
0.662649381355474 62.2717865250888
75.1519957462038 39.1846888892497
56.246714111085 27.9463072119529
18.8475944782891 27.6812215360022
6.25387761945603 4.18527602831424
25.9718546481707 62.6117153746762
68.5278667894896 27.705412185842
80.8807286451934 4.08704414479935
71.9838358895795 96.3122546769417
81.6804275030417 51.0933845733287
66.5225369669834 85.3215963286543
74.4014730445869 15.6812890723421
32.4064431416123 73.9205417676657
12.6677581992928 15.9363547350685
0.189029659418329 15.8933034481015
53.4000997160827 85.3266862582381
69.5865182307517 51.2584841488681
18.7326061502681 4.2283273066932
76.357274750595 63.1496944944047
40.2714313631004 85.0879732377285
0.354593222035591 39.1828061397537
98.5897906633345 61.70750363142
25.3780561878359 39.4975450033436
87.1309599734183 15.5682796446307
38.6670465292721 62.8297062336303
19.5255222873238 96.2359680227164
99.8425421877512 15.4386937508825
86.9357503843656 38.6389266830047
12.8789563206758 39.2777246546637
19.0404056390419 50.9529295689494
80.9592278627464 27.1622464143563
27.192897913362 85.0062537463383
62.1447184106219 15.9550818163538
1.34895393044474 85.0293988364574
43.5065407479706 4.36466500248648
6.34986496482793 50.7377330991952
68.2331098066061 4.07061709236298
6.50471012844355 96.2163154722948
45.5992366318533 96.317721574938
79.752021961336 85.2603311984518
6.29380333633732 27.541047035727
31.1669858563691 4.25079672155899
37.8259786989452 39.6464516602238
93.3700888684481 84.7783256492985
58.5710627741004 74.2434620962309
71.3068779179687 74.4000118005405
93.6852725722552 27.0550608585472
45.5323318174262 74.1312891242121
95.2431748967792 94.1690364056267
51.3188549008198 62.9434336741197
25.1311646157078 16.0018754249827
95.5381208259219 75.1589452086773
50.3544007271847 39.6587439380995
31.7261510530025 51.1851584652446
88.574458005005 62.6890787125758
55.7702847663019 4.35947529920877
62.8271587428382 39.6899318206755
19.3393996805936 73.8190023187897
13.2892204524258 62.384588099617
99.5796582302297 38.6613265207561
93.6708149678345 50.2451994715787
63.9433406654558 62.8609284507411
93.5996201864618 3.95760767225875
31.2980077971678 27.8265525984401
44.3669161720439 51.3156463973087
58.7930715022376 96.4426299742837
14.1911431038855 85.018721238895
