76   7.44445765535815
15.5328448497229 37.4998190806711
15.5338009434765 12.5005562723283
84.4658871314896 0.000881617337613605
95.9554922666327 81.2505572699592
84.4663175590551 25.000134449338
49.9999964696877 56.2495282845749
38.5106506200883 62.4992321847717
72.9770262719285 18.7503986804101
84.4671393259433 62.5001805848859
15.5336774359126 25.000122594869
15.5318670883108 50.000002788146
84.4681707712035 49.9999977049428
61.4896257900808 50.0000045035001
38.5106945671432 0.000381142274923363
27.021105705756 43.7502408544735
95.9551723619516 6.24974552725326
38.5115531214343 87.4996237155897
49.9999994036808 31.2510693576195
38.5115677101728 12.5003940025425
15.534110747365 0.000863727192206287
38.5116759342199 25.0006993932582
49.9999836379963 81.2496936720237
95.9554940064502 18.7494447383797
49.9999979959684 93.7502813729517
15.5328623590864 62.5001684594088
84.4663197812643 74.9998609212763
95.955281138815 31.2492143500748
72.97759853625 31.2502493146205
27.0224026251235 6.25038811181398
15.534063857107 99.9991119716958
84.4658858389303 99.9991166473738
61.4883000588663 74.9993208429258
49.9999815063305 18.7503222288653
84.4662063954245 87.4994190244611
38.5116938049352 74.9993018229038
27.0223845570556 68.7497579679103
72.9775905897798 68.749753382708
27.022980425019 81.2496032203998
61.4884268332829 12.5003882597661
61.4893545898082 37.5007675704446
95.9552850993307 68.7507862446385
4.04482663268573 6.24974601872155
72.9770296667042 81.2496004974744
4.04453426047575 81.2505424122501
4.04480319237336 93.7502388183784
27.0223675857381 93.7496195683226
95.956311865002 56.2504849091526
61.4883050270118 25.0006880136087
27.0211283915192 56.249761136762
61.4893314685032 0.000354975034305038
4.04470312464437 31.2492110089333
4.04467947360645 68.7507659374123
27.0223873472595 31.2502598225814
72.9776093025429 6.25039737117078
38.5106528889608 37.5007729071067
95.9563165418929 43.7495161610132
4.04372536188629 56.2504660706327
61.489324652066 99.9996312341221
72.9789043862485 56.2497532728935
72.9788960456035 43.7502482791335
50.0000101819743 68.7489317920469
61.488428562305 87.49961408746
61.4893556799455 62.4992248455487
84.4662087766562 12.5005808122257
50.000008737104 43.7504748497711
84.467140037574 37.4998260680561
38.5103794590123 49.9999953439312
15.5336712126697 74.9998758494774
15.5337949248576 87.4994155516138
4.04368420004667 43.7495222065481
27.0229659948382 18.750398947212
50.000012994767 6.24972393451751
38.5106713843124 99.9996315208724
4.04451683125768 18.749438549421
72.977605254921 93.7496044310943
95.9551717100258 93.750254908095
