77   7.41117534091531
61.3116123407708 68.7404108249378
49.9999879422539 99.9995831327924
15.9629203972363 18.9629396597247
61.4013051138547 18.712625568636
84.1948628847498 31.4453122951494
38.6885785252123 31.2594450093729
4.83931275918988 85.6525246730016
27.2906944094013 25.2547110205889
27.1649895755982 0.240310852501317
95.7755727820377 37.812522622582
95.7883280088852 49.9999780130747
61.4195191350009 93.7663331123431
61.4414057058793 43.780616983663
49.9998953772989 50.0000057996135
72.7511641940516 37.6633265610957
95.1606587811177 85.6525511633663
4.22441524384275 62.1874940140697
38.5805594087287 6.23370821506505
15.8052224948045 31.4454318672977
72.8833592880845 49.9999920298079
84.0369816609684 81.0370957771244
84.3358553765438 43.7876918799772
27.1829465228696 87.280752335009
15.9629799081539 81.0371568553481
49.9999958467208 75.0417451462576
72.7092986419808 25.2545575419428
84.3358317123023 56.2123995846211
38.5983197302162 18.7125900229871
38.5804913343745 93.7663108812693
4.83940925550258 14.3474664152018
72.7091841985379 74.7453417988415
61.4014649458787 81.2874070562981
49.9999630145231 12.4681976639848
61.4418489615154 56.2192878364771
84.1334717698407 93.6924392637758
4.50950195830536 74.1581343201688
15.6641656435403 56.2122994300777
15.8051613557625 68.5546348945187
15.664192261643 43.7876246203912
50.0000263286347 0.000897404644029098
4.2243532607374 37.8125198202324
95.4905739939492 74.1581270705792
4.21166922060771 50.0000284232083
72.8169956880325 12.7193463745731
72.8170833493646 87.2807707372917
72.7510794209824 62.3366312435048
27.2490423218703 37.6634623656446
49.9999453216026 37.5614418105638
27.2488915403394 62.3366435796896
5.9877160093165 4.36723904602695
38.5985628065806 81.2873704069659
84.1948079781491 68.5547181478742
95.160725861887 14.3474637574109
27.1648914354155 99.7597031450659
94.0122562074102 95.6327990660211
27.1166886862344 50.0000193303213
72.8351531151275 99.7596866640542
95.4905000979052 25.8418890165922
15.8665495473823 93.6924533461035
61.3119931085229 31.2596205037718
38.688204884183 68.7404591452467
61.4195518687193 6.233670518658
38.5581059401712 43.780617397962
50.0000858658559 62.4385128309515
72.8351789720473 0.240350821583907
95.7755752357581 62.1874351046281
38.5584781207169 56.2194549354459
94.0122405611037 4.36717948172009
5.98774305079132 95.6327980771894
50.0000042392066 87.5322389176821
15.8665717323823 6.30749963428838
84.0369730326179 18.9628189575008
4.50946097794451 25.8418050559121
84.1334683500631 6.30757793439359
27.1828131662541 12.7191518908353
27.290668601332 74.7454297073189
50.0001009750534 24.9583753322109
