78   7.37266904978584
59.2523808414587 16.5797886135874
12.9764566096036 39.3852573619066
30.8824190809788 51.0216082743334
43.9016959037981 96.2471813234277
6.20337346372247 73.3825486446625
84.5199321841963 40.2529855450133
30.0271017193949 27.9474464406033
52.7905523921363 4.55111649140206
75.2227571756596 84.6548085764752
12.5305728314782 84.7864521066131
68.0918630474469 51.2543387967178
87.2660291265428 61.7621970495164
5.90355510721565 4.41636568250968
76.7462163425236 28.9504173923176
6.01466614468387 27.7593236890229
88.6038539960553 28.4460230876002
81.5577919450214 95.9642157602811
99.8636023174925 84.4543964027835
82.1736284715864 16.9611278869869
6.18349525883895 50.6507619532252
75.1434316484083 5.0446746627713
99.6797840026694 61.5930227734207
69.1546071246441 96.0625584702221
43.7012415998438 73.8736133914344
0.155311109717278 84.7378515246965
93.8638875910975 95.9129017657833
80.8859301794673 51.1785144735067
0.779051758247437 16.1641246212821
37.2785135740805 62.5461252948849
95.8752658427984 6.11087676935131
31.265412927838 96.1542926220978
68.8808960739473 73.6584155230446
95.8319548168709 40.4608709000167
50.1366827122198 85.1067994461116
72.4376635571266 40.4635869177607
24.9686665217474 62.3433525051574
93.7403464542568 16.1170050452397
12.6127125456743 62.1263639849865
0.307997319276214 62.0320458941278
31.1536581990117 73.7006340466386
62.1860701243209 62.5885715856578
65.1634149379028 28.7460446584178
53.6530009657636 28.347272988615
43.1767257256558 51.2000457770113
41.9223162180739 28.0699645241312
17.6791803486462 4.45814321819351
56.5845855619625 96.2315838120385
60.4959725897682 40.1378287906307
49.6441597242013 62.6181446423168
98.3410349601691 27.195854665566
18.0513340300249 27.8827045975286
36.0498253158921 16.2799017415897
55.5979732175402 51.3601334865397
93.8473283566038 73.0208618765173
41.1439680919866 4.4919166337358
74.7267461553187 62.2509372238401
24.3314533597412 16.2461630678757
62.7159539660197 84.9221766090652
48.6716959978067 39.9755869771233
81.4673855834533 73.2407916326725
24.9997908168422 84.8861797570834
93.707833744881 50.3848000444414
47.7234637222094 16.3743119893241
29.4244717181718 4.45662660578369
70.7198172349805 16.9217215098352
0.987099405000842 39.3294201785757
12.5546770117236 16.2059021584856
64.1788616181875 4.80941811503514
6.22806735741324 96.0544422586099
36.9170235311715 39.6710884124632
87.5920711543797 84.5051518831558
18.7156671710545 96.1045536549713
25.0030702779453 39.5225172679369
86.135266649595 4.77755642759477
18.5533147816727 50.8471716151838
56.2444418179259 73.8460122769876
18.6413400602366 73.5305119718453
37.5293952355921 85.0292619222646
