79   7.32873783508948
24.4429118458916 60.3922979515237
56.4630217053636 3.62259970229016
5.94015879295829 72.2721721069969
75.7563592058661 71.8443699623912
98.5235333728572 49.9543613731803
99.1695788124308 72.5258867676021
35.6719192162487 83.7614403098543
17.989967201524 48.9704811101309
99.7138572565957 15.6138020383369
72.923789073645 36.6894415765414
29.5125100395566 72.0277859763182
43.3739541898426 25.8344861387378
77.2505336975139 48.344679994922
6.16300400720344 26.4905304072343
47.1438163327212 83.5786935799378
82.559897765519 60.3163901846518
12.5361841894843 15.1122494695556
60.9292277768055 36.756106821742
70.9234163102668 59.9113047261068
93.9562705116696 4.14532627322478
47.60708914131 59.964034294859
81.6105447075554 83.7989321244134
24.9752302739872 37.4012475497528
75.0870415458522 14.905932888033
58.6276628780685 83.4305902513321
87.4852853104254 15.4001573321063
49.8671531989339 14.6430056919259
43.764036791167 3.69655872482733
29.1162027573674 95.5309587617109
59.264227681961 59.838838529626
86.1019882974506 94.9696370200562
18.5184129798731 26.2627792554467
5.83978198553086 95.5719818635262
41.9349376609718 48.4646162279842
70.0706700144044 83.5761477877119
55.9445411939852 25.6334649111687
81.1433305923293 26.0063298227557
6.18048983042552 3.93852027281537
24.0576966781589 83.7795837061439
64.2359272447613 71.5978128252837
95.8542936338557 36.7324217547139
93.9595868126099 83.9575822871411
30.9065465222145 26.0570900485915
5.98582068846116 49.1871304834417
74.9930986863037 95.4931695019175
17.4936593490129 95.538308263922
29.984054998974 48.7553291743962
41.0959893658192 71.8713219352157
40.7246074276627 95.519944084062
93.7801113479904 26.8129522378648
18.5995078031815 3.84592811662135
52.1870042844967 95.3473482109391
52.6550414316919 71.6252831423707
63.5316835369158 95.371549141106
81.7276985743956 3.93168156726693
17.7809278534174 72.1072974256077
93.8958028816443 61.188590393607
68.4702442915955 25.8172394653096
31.1369468499546 3.74621379153313
37.3395954340665 14.7704350733525
0.825918086376105 60.6976968800591
65.4754257039307 48.1137003108486
88.9366879306153 48.8205159914629
53.7393007213741 48.1427424608261
36.0697553745861 60.1781332158066
0.268113550774092 15.2008723136096
95.7158508965804 94.0538698221208
69.1883418564394 3.65110182393255
36.9208346538171 37.120378847196
12.6263458116513 60.5892530208681
1.06373287980528 37.7074855774117
84.7495030453037 36.9908681369862
24.9155856181221 14.9208595205681
12.9757736904787 37.6243532025045
0.755588924735325 83.8542803643795
12.409466492728 83.8206070405322
87.0425915319859 72.645819634876
62.5313932102274 14.5968510255543
48.8323907346703 36.7760201072457
