80   7.2843801025786
70.5283009419703 39.3921213383185
24.1327676433038 15.9763811963041
86.2679588323808 4.77610981924866
54.0502922249567 74.3501795942686
84.9220531384128 85.8161975484913
29.2744660377666 4.39061245805285
99.1644600440852 50.2616007708712
40.8485365684961 28.0916137211436
58.9902775677085 39.7006748346296
6.12562439087196 96.0580564067641
5.88047012779239 50.4282492191659
47.3496062713836 39.7207966965288
0.677911152489085 38.8763817315921
93.8924160643286 15.9899744008627
87.3978096163103 27.4057228920762
36.0597045749787 62.5852914073914
93.8364685980249 96.1175942854024
0.815235956446954 61.9659671895788
52.4844594644844 28.0778171224107
61.2872707518029 85.52804621711
43.2992078083334 96.3052738045253
64.7158028697073 51.2722541725118
76.3607436092983 50.810121833678
82.9333825563999 62.5257701023214
58.5833282403286 16.2097071488941
30.8189865549502 96.1799766998649
81.2634134801629 96.5387575612968
41.2396721958613 51.2090750677243
63.5332784288039 4.37641603140951
40.7371160766748 4.59756128700831
73.158669316609 85.8628639148698
68.5281478450634 96.3879115951878
12.3995431808938 39.0074257554292
17.8571056050183 73.6662269749128
47.109981653632 16.4308524742614
71.5391765782997 62.6461968324294
55.8897235516924 96.3651362163735
47.8896695044329 62.8086278777963
29.3986595989111 51.0005593112898
49.0140408396682 85.4106049517967
82.1750268409134 38.9298682378136
89.1231647301718 74.0783428377497
17.6088485143846 4.33621544918588
87.3694116664953 50.253002797459
5.91935802332345 73.4499815335148
5.87784651797847 4.30268681052257
24.8650551978738 85.0473421485096
24.2279579649926 62.3901698545438
52.0487119119789 4.58373799341653
12.442459254668 15.8884554206505
99.3221418441812 27.2125841796224
12.4624168248793 62.1173993853479
63.9625545475744 27.8503465228288
59.7306049349296 62.8996844574969
98.5519710334745 73.1695640207909
29.2615712222452 27.7453888554909
66.0174625521139 74.3149722407698
17.6294710428125 50.7225340168817
1.03575950610074 84.9057455781731
18.4339237264649 96.1481531696835
94.0957099082286 61.7642304519789
75.0621539146232 4.52846424428679
42.0113846761442 74.0219179409827
0.711457361089713 15.8549268395582
12.8483923673056 84.9418793941895
35.6011838346621 39.5815311408862
77.5752994758448 74.4031901676511
70.0726433089538 15.9960598443385
75.5004714256999 27.5416621154351
17.6624261580428 27.5393106329477
24.0616347378836 39.3008411916801
94.1055925519039 38.7453274846193
35.6361113707864 16.2377265597702
53.0152029550684 51.373458533137
95.8840234372183 6.01006831307314
5.90916912360164 27.3640473770638
29.919071479652 73.8398732316381
36.9398474559554 85.2025619124497
95.816564170106 86.2718792432861
81.8907369771954 16.0293836977019
