81   7.21313172450142
95.9174036174081 5.94656835516798
52.4132443871931 95.7946080893186
35.5426865130261 84.3637070462679
94.102052127262 38.6596148828675
70.5932784271739 61.3532821371196
24.0400397133421 38.6069949759809
70.5927087270286 38.6468838529577
17.5741841944491 50.0000209949033
17.5344335797076 27.2356275875381
70.5228182276646 84.2028637861041
40.6782898709062 4.18592045236035
82.3427217659962 38.6082078423475
99.3358987545483 27.3245928572142
58.8818593228379 15.6876761934797
64.0638437385496 4.30129360406958
12.3061267928952 61.374278077249
99.3940719054037 49.9997782526189
17.3785644970194 4.29135097146576
99.3352423289072 72.6757537535159
28.9901150963269 95.7306485784469
47.2170069699724 84.4276788694505
64.0638207105221 95.698513218192
87.5765513541565 27.2731615494713
40.857376356946 27.0341910633241
12.2663996908853 84.2262107268789
75.4991597818444 4.49039154414372
86.4894133446505 95.1569061594368
87.5763635490362 72.7269951378838
52.4709637393853 49.9999863452119
75.7899193418153 72.7396760840348
95.9174257381237 94.0534165945137
40.6784646748565 95.8142397118004
75.8760976023347 50.0000815504196
47.2787402768585 38.5209146249195
0.632163776155439 38.5625472148822
35.6910074624279 61.4890126650051
23.8707410289033 15.7419861122063
12.2664650747099 15.7737134226301
75.4990006831067 95.509618082739
64.0985713725459 50.0001328769654
40.8756082697795 50.0000016847575
47.2789940565211 61.4790598278163
23.8706727673834 84.2581754789179
35.5427610112488 15.6365506391912
58.8817928789703 84.3121624041048
40.8573778145396 72.965866612398
87.5987266660844 49.9998474238124
52.4616209707842 27.0659690416452
75.789839262567 27.2601965984915
82.2336920238585 15.9152434126027
94.1023517382745 61.3403670713103
17.3784194793843 95.7086939932773
29.199153822066 27.1203474721869
64.116513875723 27.1945804757191
17.5346787829898 72.7643964517818
0.678322011955397 15.7835586676956
5.8265326596189 50.0000746839796
5.85990771792109 72.8289960682765
12.3057933723153 38.6257927212746
94.0824051027667 16.0176171692146
47.2171306801475 15.5722814048761
29.2949618040058 50.0000556654219
5.79033230466302 95.6986838436569
86.4894670061185 4.84320206792409
94.0822951291651 83.9825106878125
28.9901406138088 4.26946895541955
58.8902861076375 38.5428461099279
5.8597746435624 27.1709477152315
52.4615482177186 72.9339626642144
82.2335375394394 84.084868511806
29.1993147415499 72.8798438966387
5.79042143436257 4.30119621587801
70.5228901789213 15.79690190372
24.0403097840809 61.3930570703381
82.3434241932154 61.3916775824258
64.116484353159 72.8052180554653
58.8905333781805 61.4570933987115
0.678312495783486 84.2162005735736
35.6907194744034 38.5110238319607
52.4130396652617 4.20527476114828
0.632278262824029 61.4375920718303
