82   7.18492933866673
95.8888295485522 94.10750588667
0.461121527492641 15.8207573312102
17.2516273911751 95.7301694210379
94.088638429188 61.6160378186218
73.1429612718639 4.76006468193692
51.7893249669316 27.6300575260286
34.6146724045007 16.0368050434425
29.1690462031678 50.4377099030834
68.0650339035666 16.5064402170278
62.2219986861164 4.5762587497385
35.4357420566249 84.5623061711251
40.6044602651091 95.911698230689
12.3017480609489 38.7574775352412
28.8631319964479 95.8047684790662
99.3329857570139 50.3781419222069
83.6018777816633 5.08401897245344
63.8250895724215 50.4085423445973
5.79774764992796 72.7956809327124
82.1029368957558 39.391293778966
23.8292055698538 38.951425616747
70.1650730917236 39.2115331273776
40.6885626184026 50.5262343958409
17.3269753327798 27.4272732007662
58.3787373925512 39.0387979622006
52.2034982505544 50.4694721229577
63.1788959011405 27.9245344204364
70.4008284927675 61.6502486378122
87.5382322283986 50.337954637859
75.6871985028029 50.4738532405927
75.597010737838 95.5244268613106
52.4521885451686 95.9568087076147
12.179320061693 84.2498800132764
46.8114402687346 39.0252500252289
0.664226361630558 84.1935817337653
0.810648541645674 38.6669270440761
96.0825640838887 28.9528419363487
75.7109801065096 72.799264808108
82.3263135815302 61.6223994889745
23.2878715440778 15.9799684479865
0.667029131891303 61.398040885746
17.1598727500532 4.39287168207863
64.1839136448689 95.7489369408845
94.3394403993443 4.4250732598549
94.1018961638435 84.1118933881517
87.5477551803717 72.9009525215268
12.2649814851669 61.4438116695371
23.9069116625284 61.6497160669755
85.7782437218332 28.4791734626464
35.3484050972867 39.0126464816618
28.512336001033 4.4169798711933
5.73653366466169 95.6738711276557
82.2158168457478 84.0814512222825
29.0349966876551 73.1346559510361
5.7371433931985 4.32532022874704
57.0724671187216 16.2345577982459
40.2740341165748 27.5471319958638
5.77954255193538 27.2593748085258
39.8204281923245 4.44970826998703
94.1166067546309 39.1000569517491
78.6810860367589 17.0142004846953
11.8838508729553 15.888308814782
70.5845298123487 84.2682935768013
51.0722963482549 4.48818217695246
99.3380468667153 72.8544038054824
86.4976931915153 95.1270984654519
23.748798275725 84.3807773728328
35.5628290903112 61.9306764805771
5.81571690028153 50.0250599119902
64.023678563806 73.0671926099212
58.7034658972672 61.8185966572219
52.3787028088374 73.3058563327027
40.7529959951492 73.3611676728772
89.7234534063584 16.6792158379576
74.3629513280701 28.3558532333966
47.2080313566278 84.7143467099938
45.892203043793 16.1080072023788
17.3897822150758 72.8970064078385
58.9088686307545 84.5516843747326
47.134245893697 61.9498363072461
17.4933759774941 50.1829434965529
28.8009833485236 27.5477823439923
98.5633489471946 15.8899784566602
