83   7.15188397790973
54.4343009796948 60.4537565592249
43.4058965297679 60.3378056371747
21.1372128799043 60.0403894386039
10.0926158920065 60.4233991275504
0.645831282166403 26.9941474270017
82.9465312090817 72.4723147796579
41.4686073818188 37.7389140043569
88.4367177848132 84.0719492729851
36.7936068626292 49.0166575687996
59.4122227495283 26.5235977074683
83.0335351592803 95.5698137770893
27.0791590242116 71.8816819092869
5.90903995788112 38.14579309701
54.9900525121952 83.7719006200677
94.301007840825 49.7726638697804
12.4150097769895 26.9233458324672
17.9015262882035 37.7261941362468
33.1803253196094 83.4277681638058
29.8330868046603 37.8440506350549
17.6652137045607 15.7520207061128
25.4986162975812 48.6830789226872
94.2572145444865 4.26261161174625
71.3100332147892 49.3640187088948
14.1270182739845 48.66699970094
49.433505028795 72.0794356072287
5.86034497559389 15.7719952569169
49.7167376955913 95.4339808702588
16.3335306731014 71.8995457053871
99.4387154938651 61.2234760064166
59.5186210980755 4.1066353884454
44.0438605134399 83.5979826451058
99.727212776404 84.1509506911971
48.316292765523 48.9786085847619
82.8479493316916 49.5768812087213
35.9358118560049 4.06830149458408
52.9510638730753 15.2382385526002
3.8379060444053 48.2096664935193
99.3544423237866 15.6479121687298
65.5887073237038 60.5824121221786
71.6643452092539 72.2665042811984
59.7600976994616 49.0706521087647
41.2136874455216 15.1999042534844
94.324030173535 95.6488151571557
82.6875267946622 26.9175308682745
88.1431842715523 61.1003681483558
32.1151425133283 60.2998873790302
71.8663789966668 95.4924804510665
94.3044208752789 72.6787859574631
17.0309580027229 95.6325483069571
87.7361295332796 38.2985371275747
60.767556114035 95.4845599573205
71.0895061047721 26.7613678799356
1.33052988623065 61.2715873585257
64.7304514042138 37.9088149545507
76.2453232288799 38.1519080437776
38.8121580705047 95.3106556611715
38.3070585495472 71.8394100334517
71.1896221067582 4.16263286999103
28.0533128414149 95.2637863775226
24.4586372615886 4.45464772722868
24.3514501659435 26.7032619841655
4.13371349792578 5.836253678106
53.093820433079 37.7304556819032
87.8574982765 15.6320239264264
11.8091584363058 84.1545784994841
47.7405660441727 4.00884921595716
76.2993033137528 15.5320681082026
64.6893925851865 15.3920176258441
5.65896400979638 72.6718953947844
82.7598568535177 4.24668588838218
94.2456478614201 27.0175852264526
36.0496311320987 26.4937244091187
66.0473474090636 83.8303710212073
22.1847194343351 83.7473931073806
47.7145448296689 26.4292294386536
99.0884412388695 38.3581229676784
60.5211585598293 72.1242296401159
76.8243161091203 60.8452135728594
29.4814490792627 15.3622547066995
77.2080932153581 83.9156438679833
13.5654636473337 4.80419107044139
5.68374763862812 95.658979705564
0.470475975610711 84.1815669898933
