84   7.11669299089283
36.4106812076643 3.94311048049558
82.9648461082162 26.7531000217068
16.906289379871 72.7596920969802
22.0036385681866 60.8857051915313
5.9030560620643 15.5910324603028
38.7428384012742 72.0764514104112
33.5846149966491 83.8904384475245
82.7849676315673 4.17639192527159
11.4693094356916 84.2329168100992
88.6335728806736 84.0959065426907
77.3129325852145 60.9580737421062
94.2736758242245 4.22569881190429
0.188514307731556 84.3338507354783
77.4742643286124 84.0096285962649
64.8319597221997 15.4562651289039
22.7823936589556 84.148201879359
16.9897428286145 95.6235927872977
60.5325886704535 49.2029477128824
60.9971525533474 95.5099679461109
31.9449889059399 37.5270489527759
54.4368521319519 37.6858400094751
94.3757231962987 72.6619928891899
48.1681760945648 4.07713083343799
14.102279961889 25.8830965704718
10.0611798915178 37.6607719368237
0.430111510554306 61.3365168044693
49.8743253255999 72.0836411060754
55.4158237186345 83.7716557826258
55.1659347234672 60.5805994579193
66.2082549852142 60.745956183686
28.2259335854906 95.6393083223004
83.0977645841295 49.5691087519709
44.4916422558356 83.6293747291888
53.2523037433481 15.3353237543551
66.3714006047938 83.9349862095025
26.861009214153 49.0148463566448
72.0641524708481 95.5396504282229
60.9272740330549 72.2625105766597
71.8367313279847 49.4120682959945
99.4825762650947 38.3054604245699
36.7411656150395 26.1816082272949
49.2597969158404 49.0522114678891
77.0105067047634 38.0413220516103
94.3419795723046 26.8908761643557
59.7652847350982 4.17406274379478
41.5637700348177 15.1043776625864
65.7471993128095 37.8871423888855
43.1940052963079 37.4975658827137
5.60157242152199 72.8299277635815
94.3590325084615 49.7423051993246
39.2528232085395 95.3676870723962
32.9238173527015 60.4642457273464
27.8870732409328 72.2740196074138
38.098350936721 48.9704268103539
29.869652135121 15.0639600197822
5.68887876917142 95.7240232414042
5.6270286180103 49.8757850591623
88.498851559528 61.1215531962353
83.1910217604891 95.5846103140697
20.9434293114826 37.2817254644536
50.0655813612975 95.3763198296532
83.1489988281523 72.5493309259853
11.6571781470708 61.3672151341754
76.3584134696133 15.4585941323741
4.1127509890066 5.80797707391321
71.9829999015383 72.4118274679393
13.4948549987748 4.7834336104482
88.2778926845486 38.2068370531187
94.3861941581417 95.6259283716276
71.4799573192016 26.6940323692792
44.0040423324615 60.5349311373666
99.1144016439014 15.5127738701704
25.4531534008776 26.0808345470409
71.2759698809779 4.19806500313004
24.6252157806011 4.03681888193375
99.692596232558 61.1913425180537
48.2840665577137 26.3305941704099
18.0910718205561 15.1678288228361
3.87602068992892 25.5346769192838
16.176612880731 49.1465631811151
1.24048205023283 38.5109902404656
59.884531830007 26.5947630102992
87.8195900525467 15.4850892287057
99.8287452565501 84.137224634178
