85   7.05396859991918
44.6620425226931 6.2362660633884
65.118298970809 31.2705585350605
34.2876735197473 12.4929287178016
23.9055616010238 31.219546154292
3.26224867048978 56.2542929000629
13.5755782773911 37.48989891028
55.0124751308176 0.0409177054356302
85.8676147168507 31.4605585564602
23.8693351042862 56.2674423681233
23.9668754341678 6.23931825977434
13.6221246201603 99.9767124335915
34.2510790736227 24.9805996937742
23.9348915913963 81.2736799549181
13.6221428899153 0.0232888404716221
54.8991967319201 74.9924494317374
75.4904031783491 25.2384481476392
23.9348945509017 18.7263095865064
75.6334010234361 87.2955850371157
54.803622017226 37.5256539604272
96.0731165219341 74.0006959541643
34.2876529450467 87.5070522697577
34.199377343946 37.4854190428615
65.128605497354 56.2246228469453
44.6620258361547 93.7637241990185
23.8693556270196 43.7325500963846
34.3115687964601 0.0330866601300013
95.7460271420488 85.4874805783329
75.4419575889482 62.3434666284453
94.5209503200022 95.5571984065755
13.5784659581598 49.9999943539863
44.5448495830432 31.2134249660059
3.28410637090565 6.242845373163
95.7460260336484 14.512540263182
44.6054256252937 18.7132957025676
54.9798033505961 87.4816737141968
54.9798142112385 12.5183198793399
96.3813116402152 50.0000166478858
44.5448414036968 68.7865614344612
3.27608828658832 81.2672428637161
55.0124400185014 99.9590804780939
96.3610393031939 62.097944441397
65.1182802889164 68.7294348789956
85.9411946076794 43.8119201940881
44.6054108232746 81.286699699009
65.2737975571313 18.7431683583571
13.6141498050653 87.502299223658
75.4903866269649 74.7615510194382
3.27606834574708 18.7327579942564
65.3418876319789 93.7526860920075
23.9055668784856 68.7804393970455
75.4419665619104 37.6565344884044
3.25936358743847 68.7643870123429
3.25937856331492 31.235616504011
94.5209591056046 4.44281243189471
96.3610372104387 37.9020901137264
44.4581291230509 43.7362275733219
65.3419148918878 6.24731802380903
54.8992167923991 25.0075414422159
34.2510764435099 75.0193779225367
44.458126163039 56.2637541916761
13.5894155073161 24.988527473972
85.881066422628 93.6938443962232
3.26224868313875 43.7457028142526
85.8810847058274 6.30615596336635
3.28409723521327 93.7571498249017
96.0731283143681 25.9993319561181
13.5755641066452 62.5100971658198
34.1993762575972 62.5145520203269
75.6688588023535 99.8086761853514
23.9668672364046 93.7606870534131
65.1286058385673 43.7753711024508
34.3115706056706 99.9669019580052
85.941198245002 56.1881040664325
85.7443456937307 18.9520735427066
54.8036120156397 62.4743297011777
65.2737794306771 81.2568233119917
85.7443272453789 81.0479426386824
54.756127846205 49.9999942684492
13.6141390137056 12.4976973222081
34.160127405369 49.9999959289019
75.5010835559054 50.0000050837278
75.6688780119584 0.191330625749472
85.8676037937516 68.5394596711409
75.6334353565083 12.7044221266671
13.5894204631873 75.0114577216902
