86   7.01865009490435
54.6527600691355 87.2899939705313
3.26755503562163 93.7883550564875
43.881790515709 31.1283983187355
23.8704158774656 93.8046744318129
33.858881746768 0.107421927962489
3.1932631311065 6.25016157632878
73.9487149063399 72.5807566274889
53.9737484461291 49.7226242990478
34.0867301025864 87.5115031154778
44.0120479478129 18.6567029207834
23.6321393751077 6.24214043187077
13.4048756092961 0.0649730833894226
64.8577386442115 93.720750000029
94.4636290803901 4.31393610133091
33.8315251805935 12.4984400564856
74.5331227999468 49.0708362676222
23.466750416758 31.2461439482915
3.19271069964064 56.4033772497053
44.4487049879956 93.7759403358117
74.4050559026285 60.8683197576468
13.554970554891 87.5565292749152
74.9536948138032 13.0730214379353
64.7523359450675 6.20777540719613
96.1276761902598 36.6352588555892
44.2940551768484 81.352899790288
85.3863946035879 30.4228364458541
23.4613386294733 43.7825204269377
64.2058924516528 80.9240178111096
64.330922750633 43.3584911646644
73.8876100176443 84.511838782425
85.230258218086 54.0937489467951
13.3294698221461 25.0235348754014
95.5481296751422 82.6832644968309
13.3302339641902 50.100242764184
95.5303558351199 14.0393164342095
3.268796353204 81.3657183119244
96.2697855259789 94.0546701225685
96.061319850227 60.0395825678715
33.5928105448209 50.0277196878938
84.9539407249706 65.6911471497319
3.11889036307599 43.8653288407368
23.5713737536632 18.7239670605234
54.185841682845 24.9426538067256
54.3419937057892 12.5428189388786
54.013111632835 37.3567302049714
74.7571110396163 25.3546652110617
3.160394388843 18.767168965991
34.1868340040674 99.9064180819548
53.9679357094421 62.2091994072085
44.1610423201631 6.20279031662452
43.923692608805 68.7741260060738
64.2654117990746 68.2217574910626
13.3722907394447 12.5323951480786
23.6912008410855 68.9013189339867
74.986100846203 0.91414024872102
84.4406656759638 76.9273806576368
33.9823632580171 75.0649412289766
43.7971095162814 56.1739358068797
23.7712380695502 81.3607657028813
43.7710523291498 43.6534726856477
13.2879656769711 37.5779443015274
96.1532747200784 48.3596408008889
85.211197880196 18.3540750615613
64.3903487046901 31.0035043598445
33.7088095064669 24.9663446597831
85.7152580853435 98.3598170566001
33.640277675601 37.4703559214977
74.710162581973 37.2904486147255
33.7490150199455 62.5295281845835
13.4040367465287 62.6383001187296
85.4361117622752 6.08878842810021
3.19269314191634 68.9042737602722
54.4614052532124 0.191746794378431
64.1935522201374 55.7756449374655
64.5685130160324 18.5923960535545
13.4801223812153 75.0997356795919
3.15044243914665 31.3058694947977
54.7073059919348 99.7662388697848
85.3955474952965 42.3224344030709
73.4421801395947 95.5759286029069
13.5535669703386 99.9479274731363
23.4618048892381 56.3638242773758
54.2320689009277 74.7382286354918
95.8569256955117 25.1161276364001
84.7994532002758 88.5772271827553
95.9104740805145 71.5530476941494
