87   6.97744911008332
43.4187129533247 18.9575637366197
63.9123253345943 11.2587697097182
2.99460305690345 43.459826284874
95.9387057476707 29.380430886426
74.3504205562906 52.1913429407848
96.3097611060807 17.7850136505032
13.1853052895167 99.8834987670067
43.0146124394408 44.1390150706762
13.3254391844062 24.7736741435649
53.5609561003926 74.9983218855814
23.3261676756365 93.7813621344182
96.120860452356 52.27970997183
33.9097076310889 12.6176577315486
53.7434302927524 86.9829429762925
23.5744286644815 18.5146284863075
95.9940926569341 40.7670383684745
85.7078037777759 12.6854109101253
95.5186605046915 86.2214736778697
33.0282489032947 37.6089735162951
63.4450940047967 46.36823320477
33.4639893195126 99.7633761061683
32.9616597666951 50.1634871289483
74.3483818561786 28.9660205786547
3.10441444363096 93.7512076025596
3.06757360976126 81.2354552137549
3.21948869754502 18.4939801486325
43.6762002077354 93.8197790710369
13.0577800435612 74.9783077344022
44.1187664113056 6.27329466541507
63.5105757041306 34.5661139579244
63.8864409556129 70.0129960860329
84.9762241978557 35.6326786393781
52.5519981509604 4.44467011743978
64.1170737142177 82.0250925172652
74.7187649614611 87.3377185023621
75.1719429970835 5.96241447883663
53.0979731515022 15.4460216684953
3.12863450692998 30.9209709925777
23.826846759177 6.15352867683612
63.5046714497783 22.9497162433051
13.1005541221307 37.2661183504273
94.4397068164544 95.7847970633884
85.7237478994357 0.83203719481341
43.0263942904935 56.6554023142196
13.1494095132391 87.4646196018511
74.8177827071922 99.2787870300707
33.372832245996 87.4515692087625
53.8069453997596 98.911172186598
85.2956336134342 58.6260602028739
85.2918965208814 23.9980704621162
13.4891592500612 12.3851275530823
74.4849041055866 17.4468905116799
96.1308046849371 63.8858439318428
74.4993788862499 75.319098816583
53.0388045789475 51.1816011419321
33.4035973519076 25.0987114047748
22.9747540233394 43.6525933745073
3.01285181714392 68.6750447251252
52.916638862745 27.2894542085294
43.2566053869417 69.0747701171645
12.9503554638807 49.8126304727881
53.2953218792833 63.0079670742794
33.1578846125282 75.0765262331534
23.1953844701154 81.315111916932
12.9686129431798 62.4082392940026
63.7597857567655 58.1038516250188
85.3186359155804 93.9995285103578
23.0196381640398 68.7882897729474
95.8250247197189 75.2827917868563
53.0593130311854 39.1363108233816
43.4613225506684 81.4446981474786
85.24688722101 70.1932860582816
85.092701350354 81.9849381733553
32.9887720340003 62.6873948873719
96.3257052219124 5.93163992094924
74.4281457897831 63.6719684763537
34.0901108641992 0.217519028183252
64.2883112804485 94.0166035749789
23.1573324896504 31.0437773447781
43.174905324767 31.6314669391973
74.1751295126368 40.69789207799
13.5611741594621 0.117109095153284
3.29235400966718 6.15184521035442
22.9396773939363 56.2225876710457
2.97844458969022 56.0717873479298
85.1586048968153 47.1062607750169
64.7392163093609 1.52576986232474
