88   6.93391246506307
14.5977543088957 94.044689016983
25.3639561740058 41.0101591866134
25.5206939306009 64.1086289830423
67.6599391183687 38.915462828944
77.0851754847223 81.4276182806263
67.3757628922751 62.9830518262731
14.1385294766343 12.549080045042
25.0561066627684 29.4369645375036
77.4147246015059 56.5138167273375
36.2717007259057 58.8339493669098
14.8086710589689 47.5523321679387
46.4194776359929 28.7376315265511
3.58093014611175 5.93768303020625
55.9709447534988 1.5346146544136
77.5672884374148 43.9561383230444
96.6860541104106 6.09072270450997
77.250975961171 68.9876214951302
35.9507352459099 35.4756737845545
57.2582322851087 58.0331729276646
24.6937588578084 17.7957280241525
87.0041338800132 87.4654846918945
57.2437579018055 34.3409902456864
46.4608156081151 75.7007931628783
5.52310878955177 95.8078154415707
77.3619941876739 31.4278957177214
57.3640012846521 46.1418550897507
86.6281671976178 12.5045613938099
25.0932298808993 87.4668349218475
66.9518980859368 86.9893795393114
87.1615696713836 75.0294748106459
14.6494707485985 70.4419957883174
36.1811002545179 47.1021955169203
86.9319865448342 99.7810322901092
35.0943073857585 12.6361275887578
25.3167325303052 75.6188888423921
14.4906269237885 35.9728090443583
76.8502382502193 93.8235538581977
14.2092935786832 24.3811900941171
36.0837171751269 70.5077455729636
3.94276276963184 41.1447533492174
96.8723615823943 18.3699038955092
3.66148880647002 17.7637139023349
97.1356982792737 56.1542268508646
57.0211838372199 70.1166948063771
97.1394753251999 30.8747331169143
14.7587474927724 58.9941959207951
14.0579708109144 0.723049186437765
86.441859729297 0.225380209709633
87.366124669869 37.4243453704709
68.082852051215 4.41103167964837
67.1721298483153 75.0485724762657
97.0065470613688 81.3098191468015
67.7123952116857 27.1121529410952
66.8625009220559 98.8414723535025
46.2825104433721 17.2746804694666
87.081588401464 24.9116548271543
56.4709812421061 94.0468014497363
45.5701146827196 5.90235227560687
35.0456751136808 0.817360372784552
77.1573120556311 18.8240691366811
67.6542985899433 50.9240984837257
97.0889230537484 68.7621179979165
46.7299923386321 40.4139472038757
35.5485282381705 94.0689380751101
87.291818589716 62.5715049891383
24.5570936490215 5.92430946542796
87.3622298942472 50.0517258980046
46.8105778988181 52.1400561441162
96.931220350205 93.7821440150199
25.0529665432987 99.3531564614734
3.6516942333737 29.5464887719136
56.8033595159399 11.2059730342209
3.89524210629531 63.9551785594376
35.7098212497213 82.2576219749415
46.8065420857869 63.9320580356141
4.07451905584623 75.3020494002558
57.1851776399784 22.8240884232534
3.96973833834337 52.5336871011143
14.7001036884593 82.1216618718084
67.535316847127 15.3562734039078
46.0281595898559 99.2011830510292
46.1491685366041 87.4140514889281
25.6045171137524 52.6430085064041
35.561848755394 23.8532938515647
97.1568978650899 43.5153359112155
76.4722054717713 6.23226708389592
4.40908414994213 86.2640779344074
56.7017858339497 82.1125236137538
