89   6.8887455748328
33.5788707227912 0.839655266893334
96.4042131151655 94.1241910324607
75.1272752452771 58.9956541822444
74.7003587600876 35.8760989389065
65.2380839075486 99.352214725422
12.9375732179379 13.001964352432
64.1987753393549 41.075553870967
22.933306333085 29.9200226105386
75.3319158122176 0.698916344575756
32.8436381269407 59.7809725262984
2.62873302281088 81.3009726679302
53.7076679876382 47.5760582018213
33.1840330268501 82.8430064256818
3.00373453507036 18.5283736422379
85.6620685400434 5.94689883490936
43.2760193783588 53.0647449060728
85.5420166771981 17.8869402577573
74.8198631517762 47.4926317941274
2.87397789815012 43.4288918885552
43.2596771122861 41.273736868469
64.3283194932169 52.6985854361278
94.5695113195688 4.23846768142539
2.76917121804663 55.9971425989521
96.0588069782416 36.0249114563921
12.5019512439802 49.0949486640637
33.2357721124028 24.2735013908802
75.4589706025776 70.583506971251
3.07470876406296 6.16449355055397
22.3563948914489 77.3558910934727
12.3228294502197 61.2081035722311
53.9148960515767 59.2470101975587
96.3565327006393 58.8960396011826
74.9579764683188 24.3325852194782
32.8673279529656 48.01400867168
85.9599798053484 75.7777973913019
85.8720184971286 64.0310870590132
85.9975113211363 87.5062935790834
33.8324010753489 94.1368574632721
65.1099903811013 87.5687349738032
22.7396790209348 41.9876468669627
23.0630366977374 17.8899461563505
11.467280990677 95.627344937615
96.3666910264294 70.5950841184822
33.0661645053858 71.4622047623318
12.7209562429782 37.0419028835453
33.4418418506351 12.4564214762927
54.3555968906514 12.3518904831229
64.2562892298445 29.3471573234508
43.7158987100047 17.5870326902976
23.2389864419947 5.9318878475559
2.75385441152615 68.6191537045864
54.7470136553002 94.1470335213651
12.0418898311849 84.774896330736
43.5035365286542 29.4077274125311
85.957157063589 99.2824172079884
12.8477651051999 25.0101533845565
12.9429508998292 1.14136722409369
22.4762674230737 53.9992419102091
75.3077875541017 12.5340520588344
43.4424153283681 64.7109029467207
54.5431151682569 0.647526400788081
95.9807335180844 24.7803040652361
22.417787283531 65.854197882097
44.2814841710788 99.1229015367008
75.601096145896 94.0694646965818
11.9960894754714 73.0588181762763
33.046496300017 36.1085189852447
96.4445566852381 82.348073829955
95.6657470118766 13.8312856103003
96.1130797781139 47.3622636002256
2.9602506411074 30.948027913267
64.9400386903202 5.91037815696589
54.0216435553063 23.9901456893741
85.6183522150113 52.4909584718427
75.5068798520999 82.3061364797358
53.7547557886607 35.8411773521546
43.8441864435553 76.2712541791305
22.6956929917172 88.8781992719223
85.4444165340326 29.5365441577655
54.2594779457927 70.7729860894805
85.32115348056 40.9942886647904
3.07212300691754 93.8342174956342
44.0505614823514 5.85206081326294
64.7137313572468 64.2493524608458
64.7283750550795 17.6291106383785
54.6085521906588 82.3699534926615
65.005448773245 75.8118316908085
23.5031568369886 98.4532029446868
44.2711205379583 87.4234138655645
