90   6.81763705102021
34.5150818071996 35.759124664324
3.80289452891122 75.4839079122758
24.2654799309944 5.8412052382668
86.023173919908 99.23115007363
44.8543986031138 17.5890197316438
55.1430375372425 70.7186510458081
34.5623570114611 12.4052987997551
44.8567703368672 29.2800195322387
24.2757218905755 17.5272976583392
75.560394840082 12.4562579652524
75.4905189872079 0.725227547235937
34.5616331403633 24.0979826451148
13.9754465878068 0.767630329709931
86.2081869939302 52.7475913504052
65.4095303777238 29.3780173816295
86.0270564026514 87.651081764473
24.1841267391729 64.1234736248289
13.8384850698326 35.5911638337967
34.401661953495 47.4108485748739
13.7687138033393 58.9584580872018
44.9092048329432 87.5380386053723
3.5071134579996 40.6396522132563
86.0716622615802 76.0459141091718
75.7345968364425 94.1580016982586
96.4899316770169 47.6705326856172
65.4411422238045 99.2754149146613
3.5570885680514 28.9771338732618
86.16139226148 64.4086379833185
75.7737995123293 70.808673735889
65.43786660756 75.9003216558377
75.8612537537443 59.1724288419647
55.1458232373681 82.4102079413841
44.8596545613388 75.8186858451256
4.24664160242218 86.4758663907123
96.4025420985533 82.6311043135938
55.1931933847802 94.1308665867571
5.45055487361969 95.9046825518599
55.0923128390247 12.461958158031
96.3986596160685 94.2111726231898
55.0551991285174 0.746582935882592
3.5975147320922 17.3698044825287
96.4432567739595 71.0235284156806
24.3500256232033 75.771355265201
34.5603015891975 0.724125962175497
55.1408239575238 24.1803926867303
24.4424402788419 87.5441679760432
65.2716997474612 5.88621286937234
3.5421199092566 64.0001961744856
95.753219954442 13.5246338974393
75.6497082913997 24.2295659508791
24.2260327074116 29.1903229651144
44.8118050507654 52.5228589637411
86.0650032517042 29.395521670088
34.4697093266847 59.0014168221001
85.68441101801 5.90070951977485
55.185369172188 47.4778718092777
34.6143541666423 82.3555304220903
44.7839921633146 40.9570860091265
3.51035520303555 52.3304955026542
24.0659178040187 52.5028828277912
55.1169453158928 35.8870758171269
14.3169735974807 94.0998264654104
24.5118409736606 99.2752346388051
14.1671564801437 82.2940062091051
34.5889478792001 70.6216727792749
75.9318520247342 47.4968693016744
44.9476312662009 99.253423237783
55.2142490728013 59.0429735621599
65.3873761242903 17.643770917386
96.1975293499375 24.5167670398369
13.7915853224407 47.2518361884239
13.9337491172323 70.6068814100909
94.5496744675329 4.09562269711751
44.8809175621334 64.1127563101165
65.4384594403167 87.5930330613376
65.4850547075519 64.2392596573309
85.8339429410524 17.7084758035473
34.7309197958911 94.113909977025
13.9288825095781 23.9535612500489
65.5965263971936 52.5886596172912
3.60058148484677 5.78929942969844
86.2297850842775 41.0425054687753
96.4922619471565 59.3611735754239
13.9723798387909 12.3481353778544
75.7243641865778 82.4710845900138
65.5270372135874 40.9985400888387
44.808968589463 5.86873790465418
96.4577945869278 36.000711675355
24.1388052194681 40.8263966039907
75.8132397814141 35.8773368578689
