91   6.79011732621607
24.8289512583185 48.2799936257865
35.2251491311245 29.7319156628811
35.4580477771149 17.8673048425982
96.5730784404737 63.969806622219
45.4187751125736 24.2971212562581
86.0837463561329 0.800109708798497
76.235272196265 52.4746852535936
14.1803483608528 99.5045917106368
86.4718829031041 58.8840109976471
3.83187565103371 49.2444868733583
55.6077053683696 75.8756074076355
96.2567313801816 75.4968334969017
85.9652190312581 82.2975844112134
35.0871903216466 5.90717558794522
24.7175425829538 82.8067955799393
45.3379076991305 59.2045326219444
3.75721446380459 82.9625753677882
55.447316752275 87.5649001305923
34.9904266985923 52.9966556352444
65.5062311158981 94.1228820939581
25.6798753773916 14.3016177470494
86.4201989499789 47.1814494845587
96.3960287724029 17.28576829248
96.6330291594694 52.2113626456703
55.5839995529365 29.3454439553814
24.7723134339872 71.3290255023089
35.0955142138956 76.1227610309404
65.6121770017796 24.1091884877789
24.8089707381323 59.8023445846937
25.5441895854292 25.7097994900799
4.12346586903754 27.0644242824316
75.9206122635836 29.1292151313336
34.9569851694396 99.0375332540264
24.5938977542683 94.2689476587736
55.6584796983642 52.6194537277926
3.70416386931902 94.3092300474818
65.9657567371645 47.4329347198326
45.3314822447163 82.487964360232
35.1016547973471 64.6142028982899
65.8119130634306 35.7902596688303
45.1764779901714 0.81516043282398
75.653345574945 99.2303157339015
55.6013549329076 64.1944273973619
96.5245753903327 40.4815445678832
45.4256779677736 36.0281145948433
55.6315109947015 41.0525329698048
14.4424967085892 54.350045801717
65.6301641158934 0.761324247722839
14.9191232923892 10.3394600413674
65.6104384816136 12.4085231208113
45.3463106740004 47.6594181395593
55.3644551129546 99.1848832156009
76.1303706717546 40.8041001916806
86.0664958038599 12.3203660887011
3.8386007657413 60.4510248692547
75.7741244127966 87.5476446773247
45.1509921788999 94.1649511327133
85.791538121819 94.1177284980962
3.75057271245 5.66029114407138
14.1384291980066 1.43253434913186
25.0341709967426 36.9115415914618
14.7501873717307 32.1589147207523
45.4003973818938 70.8520169044951
14.2333989484035 88.1579370197631
35.0180335300417 87.6146784397261
75.8591998720543 5.82951279577453
4.39652981253874 16.4951563961062
94.591688814573 95.8944107091229
3.79982024360019 71.6793414851826
3.85470096691797 38.0490171995279
65.7304039091509 82.3815848898111
86.2576242682201 35.477873481257
86.1289154827721 23.8897555862139
65.9440020639583 59.0297016209487
75.936698057795 75.7694265233658
14.329055320276 76.8398178989036
14.4585971753101 43.1591790313458
96.4756988848213 28.8443903415464
26.2573124573682 4.00721341518861
65.8307359868468 70.6383721335339
45.2339306709362 12.5069917674385
55.4001749088347 5.82894319774776
14.4104416105172 65.5829657092852
86.2827213282831 70.5730885531673
35.1051475070387 41.3871387817211
96.4132793082099 5.76551189948805
15.2920162041382 21.3944414761439
76.1567216744906 64.0993853482281
75.805245170223 17.4970193385555
55.435235906996 17.5340944711115
95.7723368531221 86.4753896063194
