92   6.75770176283131
94.2298945423938 24.1121121373589
41.1009843038386 13.4005269101406
71.8073434784117 95.9728771456774
34.2808570685332 64.3566121088595
59.5785692206991 3.31197447564672
47.1390974912596 43.8982363910486
83.5096762252018 74.8095624190714
5.83892607568585 34.0754995543777
24.5470555822831 3.68884775203882
99.1718458482583 34.3363214329584
87.5599518718124 34.215940302216
70.3734274683367 43.8819994778773
49.9708585537446 96.0920953976836
94.3111763139716 96.3525601877482
29.4366098986194 13.6184298539186
16.9091524431906 75.0526327822348
12.5105253526511 44.1075945960627
22.5861420180867 85.5297418913736
35.5908492338183 43.964045275099
82.6386778398935 23.9580336269909
5.60095247696154 96.2190129985393
75.8567492646373 33.8615314827661
5.70057677472616 54.4315858953341
17.7583130905535 13.9101922532739
56.5048131115958 64.2085981924166
28.6764491801764 54.1207369988198
0.827994752784249 23.9667341425666
29.3046322697869 33.9059006334587
99.5424387306949 85.9629271211743
70.9045667685237 23.654163041529
52.8349986722915 13.3185371292641
40.2507038075686 54.1036012195678
24.2368567291705 23.8966331121071
47.5456181054999 23.4474588079951
87.6810725319552 13.8507166952079
98.6558727183956 65.3114869123674
71.2630941610842 3.47781343218942
72.7210065299034 74.720523060704
63.2093407175181 53.9035241063312
5.64998505841636 75.2277540311471
94.1197617277356 44.3731508513438
88.1645960702614 85.9709263184649
82.8052157843485 3.55338352960903
12.4821866826239 23.9264461771394
24.0071123476175 43.9894543338793
78.7612443467453 63.9651790871655
55.7091623661847 85.3428404494693
38.9240715242922 96.1211621197296
44.7271936169046 85.4617803924938
16.7667539090943 96.1660741385844
82.2097488160146 43.8537594431214
77.6241905666237 85.577195879885
51.755723359705 53.9722933452151
39.2640419316846 74.8755707511087
74.4575461001158 53.6318954364168
0.289972722154024 85.6865485853923
76.1636167115269 13.735532317325
11.4557741554541 85.6336097217388
17.5399840019429 33.9534657887724
94.3085144407397 75.577449028901
59.1833274042047 23.5311840110161
67.7610217922965 64.1675281973329
64.1804996017638 33.6631627580775
89.775295561546 64.4254492839925
45.4428966876345 64.3141994171033
64.5250527428466 13.4940093817736
1.13013870048942 44.1400114938733
82.9281861043419 96.3609067485639
35.886760537561 23.6556001701018
47.7922110637301 3.30223512372325
40.9491597828763 33.674411811562
27.8610182481964 96.1151451719398
13.5665621807275 4.16902984695896
61.534251530064 74.6583366962707
23.0862600256661 64.4887244558907
58.7328009212753 43.8033756512995
50.3986018856123 74.8734246558848
85.7756412047352 53.666284307269
66.6489883366967 85.2236211612375
17.1651658001862 54.2633518913925
60.9323375330714 96.0022213883935
4.12406490379362 5.35337476851419
5.91019665719554 13.9833496297708
0.612312793046084 64.790533117397
28.1159206997518 74.9381264149023
52.5117296328003 33.6319572083555
11.833761477027 64.6735431602497
33.6846288715891 85.4848298643452
99.1524865521693 13.890321726125
36.0527079316627 3.39396131076891
94.2766294042231 3.59298791203764
96.0635405554407 53.1960125691257
