93   6.72404309743793
71.2370824921976 96.7546475134295
94.3503570052599 24.1996353112336
17.8164062913262 86.283779947567
77.151202365654 14.0495061480066
71.6618574248591 3.67577327570046
78.985505313173 56.5825151831688
70.5960489271182 76.697318798689
16.8804700293063 45.7594894206435
34.3458898055614 56.3018008020268
94.1610109183024 76.1205281297152
1.15028471841721 76.5177525114559
16.6515292943513 3.81688303322403
4.16359070211183 94.7201072002354
5.94121246082309 86.2914448004182
61.0046336658618 25.0598992607601
44.700825442595 35.6623612464586
64.3744806531897 86.8588143388035
99.5901589205215 34.5573097703746
11.451976784982 35.2829830345145
55.2829709852805 14.5724420561013
5.67702711743697 66.2894815696927
24.1189556855319 76.2613457343625
5.62470488033265 45.6082642210703
5.55790629726835 3.78449906127026
76.0350345141745 86.6485923769101
89.9368016544998 56.094140351748
11.2638418876594 14.3232703022149
74.6776601313145 66.9401800973075
23.0720078873442 56.1995992267685
68.0161272533615 56.489069037012
82.3587694219458 76.6638711536477
82.8960212235684 96.5473662541153
94.2922942494042 3.55455329929828
61.7736013212686 46.1261796616805
63.4719982480747 66.7257266542112
12.5517464017909 76.4419536052573
38.8819873690787 25.0673410008005
39.4229751051523 46.0111394299432
0.326401583260295 35.2076601339504
49.6411049832917 3.9423787715945
33.3608670760246 14.4533811778912
83.6817939355862 45.7506477963563
85.9049159734132 66.8323531692713
44.313449505895 14.5354595199278
60.5598067136137 3.90817514195279
50.6668778047759 46.1166206938987
28.7836607195925 66.2602371368823
82.9384247879429 3.65151879452016
98.7297596402299 55.2252443964826
83.0091621918258 24.3269564647282
49.9157489700797 25.137509138797
47.3200973579608 76.62074110445
22.327275941079 14.3990716706578
27.8428082103668 24.9666645140607
72.9280630832531 45.9496729583099
59.0111473878957 76.773752271432
38.6961759115511 3.87119258379503
24.6774176441832 96.3626752797497
59.4574419399432 96.7575889526743
40.9778185306329 86.5720096138076
29.4429682513466 86.413227041356
40.4499516429131 66.4608502913313
66.8811324803833 35.5719576065921
56.8228601933943 56.6092504380827
36.1347829579026 96.6016173338856
88.3109511407074 34.5875356245975
0.605879624593622 55.9894426815445
13.674640411773 95.9235508554514
55.8132161805096 35.6187261612557
35.7096131965782 76.3281863480803
66.2368023194638 14.3078300098111
17.1315410513121 66.2986586068473
22.5803245813973 35.4213790746064
99.8424809282302 13.831304293446
96.1019999400662 67.3071171376214
94.3329748498218 96.3809420738253
11.8090453175752 56.0590899742103
45.6162104100323 56.4487183594928
16.7366882646913 24.8617128543296
87.5910742452729 86.2748937259598
28.1362947755541 45.8887759918148
27.6927737462975 3.86030043842709
71.9374935274528 24.8261244378865
88.4886114749327 13.9282697976719
51.9551895113104 66.7692792510922
0.170218882313218 14.2908863307093
33.653781810302 35.5727968274002
99.0280327228768 86.1084614270949
94.3702084056578 44.9455614947497
77.8199485266888 35.1029817537499
47.7518208434631 96.6238132475569
52.6704982091993 86.7279773446263
5.58835913819321 24.7521592105468
