94   6.68941708988032
31.8179586618757 76.9418330545856
59.6718642541686 86.6181260410032
49.1293612928748 66.3605657691721
5.63528321596095 3.60442544796388
77.6390672327623 35.1176332488876
0.194817784601794 34.4412855707633
52.4173906086148 96.5677348336031
0.410465996530935 55.1188994771801
63.9000795054464 96.5663308779272
39.163148915512 24.6538853870251
28.138150167006 3.67991701089336
16.8520341176578 44.9025619042894
99.4061933463955 76.4751357916684
83.2823433971809 45.4583099348404
94.4561489372863 3.74352993801726
39.3120206511812 3.67792321849873
49.7632543908189 45.7005318976984
94.4401687455578 24.5842218067555
65.5439716601472 76.3308874928403
61.211907749311 24.8420585827495
32.8405437049073 56.0643136945206
50.1437996205114 24.7624425929652
36.5575534928702 86.8765294592888
22.0296577195708 55.6765531850656
22.5742546025073 13.9649108035785
5.74651090320549 96.5756881224806
3.89406116844301 87.712204709358
14.0421666196594 87.2683937631425
60.3991199538311 66.2304741095292
61.3477608261671 3.83591904791379
72.2796393157639 24.7026718029766
43.0088866408934 76.7924718262026
44.4210730949972 35.2157770848799
33.4831499019745 34.9392795849988
26.9044089102022 66.4819401653131
71.0504883697202 86.4484319258762
16.2099777250657 66.2613554466445
1.22633932777948 75.6969863959821
48.1546525339198 86.6787190082343
88.8207862911968 14.1849233711223
11.4294374038723 34.5372303280553
27.7919273767777 45.3960428480426
66.598467612498 35.2162810484075
20.8804452598398 77.0516826668061
5.64832679390022 24.1707551497938
83.3590925525213 24.6603373007631
55.7661440127514 14.3554245060339
72.3325400993473 3.80122976325698
60.911412721612 45.5621710419039
83.3746432286999 3.75268995873937
86.2398193034169 95.9526948917442
16.87770106875 24.2584465381136
88.5585355678051 55.8000963156132
76.8325389784841 76.1810061923174
37.9583550708789 66.5392983233971
25.2323695181016 87.3197851037697
22.660061741252 34.6230233594605
11.3526896338367 13.889414588107
33.8024034825265 14.0468179575198
77.77248675791 14.2426231824088
29.2668048513546 96.7655161508531
88.7307508904961 35.0570145663753
55.4561979293578 35.2465253015919
0.0767509550473227 13.8978275713744
71.7344362902973 66.0037235313944
82.4430573089108 86.3022109947976
54.2120078851357 76.5627536129854
95.7829728283396 94.807218234957
88.1625590206555 76.4106694760664
40.8989457284186 96.6268323644574
94.3989681633152 66.1547033729063
5.59763853878765 65.4583254966128
75.2773485869402 96.397234026068
50.3835211871774 3.83080202635561
11.5992757797138 55.1397375082769
43.873955236921 56.0922948645828
99.6769600280811 55.8156678308442
66.2031160076447 55.8801147641175
10.0042413416733 76.5649001187955
38.6898988962044 45.6133118157135
17.4521832414612 96.9608069381195
28.1005439965679 24.332044654478
99.8053743640973 34.9905620276404
16.9112189029984 3.596017173756
99.9022919963445 14.1757633279485
55.0601728893564 56.0103942432651
72.1274527229291 45.5414814596407
83.1634154210915 66.0778905781326
5.60123529817409 44.7849763326521
66.7545013250774 14.3258522621818
94.4459986175283 45.4056012697401
77.4093905948816 55.8744630966987
44.75250873299 14.1980013532801
94.1465639601553 86.3762908344319
