95   6.63638212598337
45.1387496819518 55.5240141067222
65.548313888887 77.7993355872331
14.2634058047172 94.3758149614514
24.4195802391623 99.8002759932945
86.1214319308581 33.3047848134932
34.8282254419799 49.9992760396721
24.5684016458148 66.4465295888638
24.5681147990312 22.5186479877868
55.4008014757943 49.9971114202957
96.394886978962 61.1468456410476
96.360554142643 16.634829576069
96.3943280303088 38.8583339092147
55.20061812721 5.53983604329048
4.06205959315517 23.0436070234573
14.2629134590278 5.62434909861784
5.37030363970553 96.1011020067381
34.8642381048989 72.1457391672498
3.84898582989507 66.3072922348219
55.4177606059873 61.1027642432689
34.8274586005575 38.9457119643112
5.37018843722763 3.89905666347477
75.8408123429277 27.7313822092978
86.1547488202832 55.571977070727
65.4861902505509 99.9744990475963
24.4187680344912 0.201638033891846
44.9489343092368 88.8358416174244
44.910454353434 0.0549620256724257
86.0643691572768 0.027163760267674
14.2451075424147 71.9645320778172
65.4909676928073 0.0235324461659459
45.1247859558775 33.4086914813614
24.567133990104 33.5536069822629
65.6800831010714 44.4505696190834
24.4281941183972 88.6577136798191
65.6014699424197 66.6887722613851
24.4264068718913 11.3423782682515
86.1541911982109 44.4287787668536
55.3103419498115 72.2508105888543
14.1698947405305 39.0214802922006
75.7932709983807 83.3742858759265
86.1217972263989 66.695837985351
96.3962436150761 50.0024089312938
24.5186041846682 55.4790884745371
3.78711182881809 55.451392589719
14.2435619628927 28.0358109313895
34.6631426355161 94.43150638993
75.7776753409998 5.54223656711992
75.7950724636182 16.6247540141919
96.3472673776268 94.4593220576939
44.9489666198843 11.1598450520021
4.36508536427644 12.7968728179694
14.135978379788 50.0012137647513
96.3503478406055 5.54270752955927
34.7111909236615 83.3147095133413
55.2463241615686 16.6399674761879
55.1977373627459 94.4589181714576
86.0876589372635 22.1902749725376
34.8289609263258 61.0527726267926
86.0865310806865 77.8119025972908
34.6631929896248 5.56789673855826
75.7721920231124 94.4573033602354
96.363291987856 72.2698343452284
86.0705143721645 88.8982720569621
24.5179252303868 44.5228540911068
65.4981615811641 11.09845283889
45.0081328416554 77.7264895028374
34.7092988854257 16.68349928137
96.3634856437643 27.7355800576042
75.9529789779111 49.9992014642642
55.3081118803104 27.7448846281416
44.9094732760277 99.94381333999
34.8623828603568 27.8522617780464
65.6798870266612 55.5449942452787
75.841616848836 72.2668361925416
14.3620161104196 83.0746565325704
45.1379477456302 44.4704733564687
45.0064510880202 22.2676109260505
55.2459159125713 83.3567019794476
24.5700918480998 77.4813858383577
45.1268316398913 66.5859021724754
55.4171559654978 38.8921097502602
14.3593760104866 16.9258214868996
3.78815814026505 44.5526976936962
75.8813504115823 38.8502626894702
3.84915788876158 33.6976478047727
4.06401606862903 76.9599405796616
96.359617801671 83.3698437764024
65.4949078591965 88.8980909887595
65.6006680463019 33.3067393712444
14.1695457283287 60.9797893032311
75.8816997793084 61.147662235774
86.0745322309869 11.1049296370716
86.0581977303082 99.9755356081168
65.5481708339044 22.1957354852
4.36606733943036 87.2043021834106
