96   6.61102321513107
54.893634316395 99.7203945730461
34.4050836052397 88.8621194944994
24.1001762717636 5.52754703014535
85.4976358597876 27.3654794758662
3.59728511973801 16.6023350854837
34.3367990289407 0.111971388746636
75.2742875844706 0.630088144133473
13.8629006310366 0.0624959398074476
34.1592077253182 22.173839402632
64.417210589541 82.906740214526
85.3453386881856 16.5225307614131
85.5018132571739 48.7134844514424
24.0235240828949 72.3701016345351
54.3189546543461 55.1573434190997
73.8757424880168 96.1490197835609
95.4187089582577 84.5878306283243
23.7914789823231 38.8517464903562
54.7568447258375 11.1994812383384
24.2030599452691 94.4937713255935
54.5943760864002 22.2491093350623
13.759331145902 66.8186813918362
54.4892137715768 77.3842245256939
23.8062069987722 61.2122219264054
44.6855333205413 94.4570705248812
85.5404643913157 38.0358955947772
65.0706626454882 5.53007188684685
23.9060075643098 27.7053453205582
3.48511278219369 50.1104629351175
44.2278851388896 72.1558936641517
75.2132693660155 11.5763276545853
54.4411446064122 33.3015832535082
23.7463587021817 50.0028815784808
96.0313896273841 32.8700241386832
44.2965836352868 27.6532698179158
44.1180648831337 60.9302303141892
65.00044217544 94.3925296166741
13.8343501400603 11.0987525766207
95.8913629333088 64.4857627627498
13.6826752341658 33.3045580785237
3.56326667032699 61.2968082244624
34.4722174710478 99.9037573880021
44.1587960889528 38.7382744454055
54.2705828688131 66.2292618111278
75.0584138656698 22.6272162104579
74.8201888692304 54.5293084200273
33.8928046308039 55.5072163214799
44.589260962692 5.5171226647275
54.8435617083661 88.6023074742471
44.0965387030715 49.8462595489054
94.6050940608256 3.82107536875992
13.7700195535718 22.175200077526
64.5348963423228 71.5426787865794
13.6060151043999 44.4754840901609
3.5617121785098 27.7185157455566
44.4565735804766 16.5746546030535
84.5748831140869 79.5284954803026
54.3236850294119 44.2141149882516
13.9280242406064 88.9462145664351
34.0697551365825 66.6406879181519
34.2890211454507 11.1143751353595
3.58512209298536 72.4198640351824
85.0475406165107 69.5829557651034
33.9318679792772 44.3841412100591
64.7533057634147 27.631052591646
75.0413330770674 43.9907798790475
74.7208762371834 65.1133863162355
3.62608647579327 5.5278497653075
24.0229301714316 16.5954114903243
64.7228286514646 38.6034383500263
13.8519510684855 77.8954191012376
13.9333541884262 99.9551264935016
75.0342269750383 33.3464526226264
95.7876879045288 22.487406312197
74.1995537175024 86.2809069011196
84.8870146939174 89.9297057509914
85.7039731951663 98.5705340025034
64.6398770138954 49.4927413193272
34.0149017412595 33.2629614103883
3.50995995662745 38.8903646222347
95.7671702578271 74.7432877524407
85.3121908426752 59.2170407175096
64.5165058708064 60.5144981333053
85.5327019407938 5.49378944190026
34.3016207506367 77.7892451509895
96.0793018470926 94.6770540163561
3.65588636529217 83.4825559072488
54.8398069927061 0.194583521825885
95.5345543099694 12.5171299046779
96.030945178634 43.4443316961697
44.5683275095765 83.383204925929
74.2530065209012 75.596055550457
13.6592877930094 55.6463603920002
96.0317516013688 54.0189109559578
3.66124166813097 94.4953713579162
24.1303951219889 83.4407047448415
64.9131782991439 16.5830766672544
