97   6.58147344121731
45.7431903941119 53.6539803407868
66.7207101522495 13.51442291902
52.2828035691297 85.4114205608478
5.33420448030291 75.3457147558802
25.8083335498056 74.5603933525656
5.33622927637771 96.1476697588223
99.7590599124198 34.1405927717278
88.9004883995634 13.7115418413894
94.4831660966156 3.58891854406102
46.6421998628568 74.6922852685167
9.91465290135717 64.302614125172
36.4358550052857 95.8221647792328
50.0419670349214 23.37847062607
72.3807080166643 23.6596228380814
5.60703733792707 44.5068432373725
94.4986520195908 23.9509194114371
13.6862856638163 53.6758359132793
72.9886503540179 64.4426890198463
94.5078995368558 44.3443092783775
0.131793389758642 13.9761970799009
21.9964950057993 13.7747755891291
88.5170404232453 54.4327999193161
99.4597448968969 75.1628275173425
0.670347184086117 85.7480938515218
88.6777463363991 75.0806880217791
77.7246264253699 54.2840726540951
38.862150166746 23.4602569551498
46.7170195507642 95.9601957886283
72.5319659847371 43.9839063740226
94.6114683595903 64.8247404540855
44.7466338551195 33.469002936217
73.1258222338476 85.3598043047413
5.45910314698871 24.2324878460697
30.7693369706112 63.9681089846679
99.2402597586249 54.5084397082974
28.2979160188745 43.7272661662076
33.5652715235142 33.5481999108274
22.4298368856883 33.8534717578561
67.3401202496638 74.8254734545852
83.418775382801 3.54124356788432
15.977762820594 96.1051909052677
62.2802271856573 64.4027947209725
41.3421923851036 63.9171954006716
77.8538872746347 13.623023792821
83.7223553577096 85.2612295460003
33.1180022182173 13.5270867464527
0.269250384493856 34.4845884673705
36.3280410895437 74.439509539163
77.8322654596413 95.7658442974253
38.5731413661235 3.39358884705787
62.6739358135198 85.4106729500646
3.87509456778474 53.2728557073573
16.3710207529876 3.64127770371262
31.7223966456409 85.0084615488944
77.8374420271707 33.8638161397623
56.9376691105228 74.811882895378
66.8742037221384 33.6686849211749
41.951901009063 85.2087775010401
55.553383096873 13.4046167099934
77.8475124996557 74.8473643197403
83.5057181633968 44.1637553493018
61.2304516296044 23.5231881927468
27.6322210210914 23.6200491066366
11.0118860820994 13.920221703304
16.9866674177357 43.8681334844314
51.712251444027 64.2141997183235
11.2939291553859 34.3213076287983
61.108933023148 3.43274856967444
67.5984987777483 95.9594220095645
83.4761669725727 23.8260880059303
50.5220577607648 43.6077087984055
44.298989881548 13.3654564912645
66.8888699426284 54.0581421973295
24.3229445620726 53.5368549124236
83.8286845889725 64.6626745476148
72.297745185002 3.50031239374862
96.2448458129365 94.5949459155672
39.4214909392622 43.5581120755542
94.5802422107247 85.4559906374233
34.9318752431904 53.6622762147581
27.3937437309895 3.55257560291424
16.4456683426616 24.013231650528
99.8723455613437 13.7580724180443
49.8529132792319 3.39094534216615
56.3062075588256 53.8492963763599
55.8315375623203 33.4938970857901
1.31383468647747 65.0415791054547
20.3689890010948 63.9314200212331
57.1580600033631 96.0247420963861
5.4443022391275 3.69802172036725
88.8251342694445 34.0655815601219
61.5371383543167 43.7388307741308
26.3167516427003 95.7599750922011
87.6802898546448 95.5071782610415
11.311880719317 85.7056149948102
21.3316736808126 85.2914876955961
15.5369715976542 74.6858486072614
