98   6.55063096347538
58.9426219751496 43.2806785400785
5.34472869137754 44.3170839773045
0.216983978770025 13.7534339327831
16.0160351591999 64.7762859340461
73.5054255377036 96.1321831116568
57.5590137808059 85.2012072675659
78.2459363064176 85.7192734857028
88.8616734250466 85.7775324613795
37.5720691622337 43.5632351685034
43.7354199053384 33.2555708689951
16.4633812709844 3.5237484346295
5.35403389202689 64.9203355335355
47.3026548567626 85.3062627927753
26.6593414879214 64.4654379122376
84.5978195860396 54.0930118832136
11.2095056760914 75.1875404391537
99.3411165032211 65.1172325022053
3.72912623803131 94.6144282121095
66.6310063011712 13.1607093463942
49.9712065022927 3.35287913225506
38.4657237993895 23.3519094260594
0.624690930643705 54.6252925346489
26.6871861996302 85.4366649388677
84.0487584638767 75.3761852882601
57.9969238524525 64.2285286264904
12.2600108538463 95.5442304344265
26.7764174571323 43.8583587826038
27.5576387358841 3.44415505434137
63.881140172997 53.8010262396411
27.4110622993986 23.5332346394934
63.3197741406309 74.7998169599175
69.4778169191017 43.4458076212493
11.2583183383926 54.5218459521445
32.4872689060122 53.9650536466862
79.7890941659964 43.4082030373664
0.835020451803735 34.0324597906438
37.1343497281481 64.3740666319907
38.7367250735819 3.3871424568235
77.7892258471525 13.4113002584476
94.6981104062398 54.7526503360471
90.1870908249847 43.7274411971073
44.2097525345294 13.2888304583229
52.9684689157644 95.8608653317639
94.6960439938028 75.4789652936319
16.4138109671644 23.7150646106613
67.9229098623 85.4725393278569
60.8123651038173 23.1036775684457
53.4167417355671 53.7323719667501
42.7215248630964 95.9769553506787
75.8468489652948 33.0384306853639
94.4287334034116 23.9793099306081
42.846610362717 53.7267819383686
32.907926185061 33.5065595352189
32.3563381896238 96.0102928142902
94.6710245359282 96.1904350384745
74.3801148109564 54.0131365290266
98.7137468636817 44.4823704052542
94.6095442405785 3.72206275982899
5.38247169264572 85.4952570300063
33.0977402590093 13.3815871925157
54.5282052545596 33.0625988027799
88.8316436990978 13.8218544222616
21.9221442621705 74.9693881026243
0.473053973768703 75.228129790863
71.9162151586871 23.2625284856623
32.3388115467022 74.891647986943
49.6145365179376 23.1983553244577
83.7170022354985 3.55496997067439
22.1588284283092 33.7307681107819
48.3624019249798 43.3677833424217
73.6547525818426 75.0319324499422
65.3358759250405 33.1355682943459
96.1740245379401 32.7420566459768
84.0671610954456 96.1158885689248
5.47062370013532 3.60319884412456
86.3964426556746 33.1647875202954
11.4604759924781 33.9437223099888
22.0705818271626 13.5184404974722
78.8303600141267 64.6733995541278
11.0879904090658 13.6768859273523
99.7241856980019 13.9889472086215
42.570410043743 74.7963906146436
83.1498427891644 23.3939786627294
72.5629538925132 3.31150858732636
5.46124457398833 23.9178688789127
16.0498520053333 44.1133372579307
61.2548584916221 3.304379047899
52.8628342306066 74.6453046464259
99.4655368600546 85.8520789224131
63.132141634007 95.8721760406903
37.0197582597828 85.4684775915374
16.1696305812855 85.3806635486805
47.5041238066916 64.1205252517607
21.8509772122627 54.2850905210777
22.1113142006216 95.8271279143824
88.7503589447479 65.0936752047836
55.4017018988817 13.2040018349357
68.4249517401992 64.3438171904175
