99   6.51906196192475
65.1278874151859 88.9762246980254
44.4035502250671 15.7946952967595
13.3444540804057 43.6255103153606
44.64435513434 5.28504351727828
3.62509979127208 5.41819340842103
74.9632746640053 52.9656593792631
43.8407328332987 68.6285807678561
3.24885289366342 71.8814325875912
3.25895929842642 60.5836047287683
74.867073626467 42.5363626179368
95.9384401158274 52.8113725881558
44.4851770081441 99.3155052884259
65.0984410344941 15.9508105384895
75.0092786478103 32.2278548986906
12.7081032769449 86.4739531356061
54.8308085533569 94.7484810595781
85.4323409052946 36.9899897690548
54.4636587319866 73.8811347434699
64.5073645017018 36.9089412120292
75.4375512081078 11.1992488536078
13.7271513620508 0.739772950814588
96.1364888672759 63.161430702603
34.1821920020005 11.1018272544342
23.0469107910543 69.6041569209297
54.9629711897287 0.471208893091379
75.4860175359354 0.516135460279033
85.6502099546196 5.39087977407862
64.5909142154154 57.8490104236966
64.6963211641614 26.4716356371737
23.090868688881 59.0258716601431
75.4531030573134 73.6650205402765
54.1947260260281 32.0908043366088
33.5364511041383 43.0019602691627
12.9702123062939 65.3777859821804
44.1145816897407 78.9648450451139
65.1953835457971 99.5282452501815
64.4946964961298 47.4197013989949
34.1604937211076 94.7331373959697
75.2384044852934 21.8742211713161
13.4952869803247 32.7971391717894
94.6579023000668 3.73632988744066
43.7885920498129 47.6730940506617
33.4873615636273 53.6098902497859
54.8836785859161 11.0635093418362
75.4623383681532 84.1743951081964
96.145084284828 94.7428341301857
24.0293791652163 5.27877180445508
96.1362996538477 73.6629961059936
44.0705634271976 26.3731543109597
23.6906495783292 26.7027803531386
33.9452306148671 21.6144343324746
3.12428382724063 83.2548844746198
95.8979810261141 22.2185619144002
54.55294575833 21.5355699041705
23.9383117483812 98.6631890547344
23.3120762947691 48.3914649721158
96.1846902445638 84.1996887231362
33.7628090926657 32.3051634187061
44.4845831972647 88.8129042363432
3.52428148317025 27.240273103185
12.2601061337045 96.2009539330173
43.7984427862623 58.2388221906311
54.274254622904 63.6072383052353
3.37663590535781 49.3611781732846
95.8934815037913 42.6490971294685
65.0974290200015 78.4517878837781
85.82845077285 88.9762787987157
54.1294400607315 53.1419655069762
23.1952850438895 90.2000998744986
33.3946939955148 64.1001083289354
85.5736096075342 57.581585016617
85.7888444575074 99.5194244483
85.8196658088722 78.4683996340004
64.8828420434675 68.1984216939694
3.45199859265571 38.2546667586008
3.48121293383883 94.4882558380486
85.3305911983884 47.2678123807459
54.7627186003603 84.1968973246613
75.206235676071 63.2793897713536
22.9261795244444 79.8672882119582
23.5267663745632 37.522085607939
54.141679482798 42.6308900106509
34.3412020142132 0.650291358977404
95.6323339372339 12.3122529394168
33.5213879827368 74.5522675739146
75.4924369930616 94.6994801824674
33.5478135023494 84.6995023815937
43.8609292725975 37.0820909526463
3.56214230025615 16.2961771495681
13.6943035291314 11.2733567095381
65.2262003561894 5.32460302325652
13.6012325902266 22.0159279881425
85.5870860676213 26.6914968740508
23.8185348285342 15.9368716975274
85.7715102128757 67.9315341022765
85.582576790085 16.1593236137858
96.0035256352059 32.4356525967596
13.1347683877906 54.4983438426424
12.680329684122 75.9545804235732
