100   10.6936335601859
-12.8049783134527 -36.9406324657218
4.49104385555908 38.8382333418888
-75.858917051755 43.1237053955294
40.3180226039513 38.7334629887964
-27.7115773532312 24.5775754508724
-64.478349701095 14.7167540214039
14.8104803692128 -36.708050157211
-50.4880951381286 2.25521049999756
55.3629900025106 50.1237996417659
21.7839525193613 64.3865766692072
-71.818281405495 59.2632842608545
33.198831167455 9.49591465432298
9.4594799870415 -17.250707632547
50.7542083408902 4.59822147631379
-53.8094671128606 -14.7282478847107
59.8330447482172 34.5831942826691
-23.6354764953816 80.987282836136
-42.09031533053 36.6167357431149
-32.9814500195896 7.52779617410168
36.9040226066442 -8.42309754159115
-18.0579229678078 -4.55339611888575
-67.8245710787448 -49.9395207388268
-23.8497318312821 -23.113162689882
1.2516359184555 -32.8218862492052
28.1324364778644 -69.1810788927952
0.629538955257284 -0.143687784264687
22.8495355370466 45.5283989797202
50.7955329659248 -44.1621624666626
5.84643442272809 74.4333237233059
36.8116872576441 -85.7008219352625
-46.1225756875178 -74.9616697505612
9.59985711081099 -67.4799995434972
83.1698653404486 13.6850222855657
57.6948350215787 -61.4193937114148
91.3005230673425 -20.8387445456542
-7.35679824901851 -17.6230356084013
15.3685599598828 29.0284361976148
33.0485406215498 -40.7266728599946
-42.0874660880624 -28.013239022304
-60.9383444149766 31.3874943472762
55.1725288857323 -12.592763576712
-87.0571987771356 -5.9391823025892
64.9264348603362 17.7493891420912
-11.4594482812409 31.1722485949813
19.5194722766765 -52.3909729427109
-55.4039582708418 66.6616647589167
-49.4268037854748 -45.5742961820544
-39.4398948609065 74.4219245268596
73.1481583548645 -16.6955846612246
-30.8355300836695 -41.0723019223279
-60.6098862623521 -32.2335116194268
-78.8406463580337 -36.021220099493
78.6301231913331 30.3041215893522
-79.4691316706383 26.7054835547603
68.9957572407433 -48.415821932776
-46.4667053105902 19.8740777485331
-40.6220363109992 55.3390261079201
-8.64278643290083 68.2456568083851
16.0074950666243 11.4380413873657
-68.522075011679 -1.83901436594967
-9.9612603240628 50.3838983477959
-37.3975520857318 -57.7372561604513
47.4463425904653 22.3542511253344
74.8039066619046 46.4151266047271
86.9640411375531 -3.55688183509452
-9.03036776073567 87.5499619462564
61.7961857221227 -30.5579435261986
-90.4194065428626 -22.2336003259189
68.9350334998234 0.719407561608552
25.7909970615837 -22.9599493277881
-36.2750962518413 -86.1365013142938
36.7604666070784 75.5297498034542
79.8951723072318 -34.5276350247928
-24.7580789315935 62.50650300119
-83.1862921493293 10.419535936628
29.2708017032213 26.646791864599
-14.2939849757851 11.9375036333256
-56.4338832777966 -62.7119830321754
-72.1649699722157 -18.3709004166473
1.01809705064946 19.0698026385592
20.8871762805747 83.4503259757059
43.7328751307074 -26.1642703509949
-8.30961533804209 -67.4620041879834
-25.7650183783905 43.5001175248477
-18.0596709066375 -52.8095294427432
-57.0475654054557 47.862806754794
19.6752736334109 -4.49074941273085
38.9026332028055 -57.1189588101361
37.9276389808482 56.6321628926064
0.348915567577329 -83.9997213641495
70.3503736121173 61.2417859676641
6.64198450789854 55.4155398782085
18.0987366490299 -84.2669667176067
0.832698165263361 -50.9337108022916
47.2572292400687 -74.2747756800406
-27.0279443145013 -69.5987848774171
4.69048634828001 93.3454803521273
-35.6310768895955 -10.1200363393164
-17.3890342316881 -84.2487526755723
52.8684578228501 68.069171106735
