30   20.1644208403356
-75.0540158395151 8.51301021410409
-84.4491604017894 -19.6473586766275
-0.000113851406945642 51.9785258455833
69.1376329917626 34.8423684985206
-30.4243269634081 73.4682517999428
-69.1376701739471 34.8418209117479
-30.0419762626007 -43.02520154398
62.1269471403145 59.2477329220196
30.0434427363507 -43.0264288234035
43.475400070451 -75.0593602792521
30.4237865342126 73.4687507313232
64.6378504642729 -46.899027337914
31.3335292167932 39.9606523445204
-37.6959259781946 14.4706984297521
84.4478582218494 -19.6468680844897
-31.3335328183388 39.9600855295232
-49.4147766270582 -14.7025604788693
-15.4995166149546 -9.96655315036789
-64.6373982518979 -46.89911829409
49.4138652567982 -14.7020325191234
15.0208817603998 -76.643533511476
-0.000775279530675022 -43.0290008252841
-0.000336579290262762 86.0950315950651
15.5002282331185 -9.9666519524386
75.0542195501471 8.51323164631196
37.6961989203456 14.4709967520322
-15.0207930420293 -76.6446041498952
0.000189495508951865 19.0787737070164
-62.1271561751405 59.2472711098967
-43.4745449233033 -75.0578191130712
