40   17.2722984579329
-59.7876790695278 -4.7697937913466
10.6358876372979 -79.524594602566
-35.8214513290795 74.3856485047387
59.330206256255 -8.69979716815033
-64.1780277186825 61.1849280603947
47.5046358718026 18.5296658348055
13.0242335145987 80.0738986893159
-70.7245756918765 39.7443520971121
-30.1878657796298 -51.814018267196
-16.4066157316323 -23.970199540922
-2.69355326829801 -51.5819956925146
66.0681783809759 62.9062901363966
78.3322178080521 12.3879805824405
-7.82066607375237 88.3247641920796
-38.8707535849643 45.8495949441428
-29.6511546755895 2.72084304733489
28.9679991479912 -2.11833021060258
16.3564781780191 24.8767720377668
12.263568305427 -25.4635910845981
-44.1004255998998 -25.5977036941625
36.4230629348497 70.1684018795666
-16.6033021644107 -79.4244261410505
72.0466643169875 37.9310420912152
42.0110574836105 -30.0538782536719
55.5477734514414 -57.8966387468347
-58.531452885752 -53.5220675265716
-14.1313152458268 29.3409823311521
-11.610976828878 58.9768207701436
39.1281904004438 -81.2484270636915
41.0090285031115 43.7746590458991
-90.375869104022 -12.4337923273281
-1.03370157649616 2.1402536896323
25.7217317067838 -53.4070856370386
-45.8335981764193 21.5699317132128
-77.5707553659239 15.2732280355738
11.7109594220701 49.2817440939586
-74.5738922005775 -32.6730276329163
-44.0192279896523 -79.7569556733181
72.4516577832435 -36.5348170584614
89.8012737114355 -15.30782346114
