50   15.3634553335628
-19.7452378880183 52.8190700603859
3.28798314189447 36.242941009342
-65.7143730298484 58.8256452322664
-20.9432545110936 79.5708652195036
59.7187157307141 -6.54825913195528
-52.7522734628225 4.20765665005526
-71.4131164358719 41.0095420710311
26.4060170071378 25.016793722377
-47.7740613149457 24.6486579602605
25.2234423618536 52.0318277166072
9.5426117310098 -34.7005360136282
50.4711117760646 -63.3908453120958
-42.9189326967942 68.9544958020343
23.7074114915954 -58.7680128657622
48.8561891636649 -22.2790140827851
53.6563515611619 17.2079553536146
-5.17234162333528 -10.5902373357428
-39.2179926116137 -81.1924157863549
-24.4188895104462 8.30257107044642
86.8808711441095 -14.9565196485199
32.3856874495115 2.00919133879347
11.4349286940123 -81.7894373259679
63.3678527621596 -46.8524906466506
-14.0934671210416 -81.3129569139251
4.67167347279029 9.69989793894806
35.9061383460525 -38.8257260844502
69.7266790164047 56.477425073849
-54.977191457831 -61.5182727600441
48.114220210282 40.7553804075827
-42.1967160886853 42.8789161678135
-76.0485700207567 20.7988460534479
-71.2535070582753 -41.8257587613563
76.3439930470121 -30.6394168708228
-18.4986441636797 26.7629914926771
37.6576607232537 -82.4045835661731
21.5492503481104 -14.0552018411372
47.1451640924929 67.899508436784
75.3691851997349 32.8793515921967
24.0401644054196 79.0503548512375
-43.9352174393443 -37.4459849519921
80.7113923135437 9.08200171587557
-16.276249983547 -33.488368232079
-27.6405256510775 -57.0794101937208
0.976198434445934 89.7607866007709
-33.2063286058883 -13.9331914067248
-88.0026960901946 -21.6990655931546
-2.19668344057656 -57.6769153647775
-81.0079026059359 0.331662204171912
-60.8474836209075 -17.8309111042194
2.14023946375035 63.0260505027038
