60   13.978978572995
25.6007047355685 55.3084859679748
-59.4498579178604 16.559317510661
-54.607375188872 -23.7118232457729
59.8855192546127 3.22709491886317
-40.4297853261753 -83.0382565776414
29.77694518951 32.6682470324183
-90.459488261223 -14.4038861018522
-52.1204725851458 64.8110874789568
87.3648312873833 -22.4909572126364
-78.9123339644696 -30.1405598565185
14.6522780186958 -12.8716326542271
3.79333790244103 -35.8622396657394
-77.1872949395839 32.8800124293916
-33.3130435395096 47.738619856649
24.0325427492417 80.0713727468224
-41.9630215047152 -41.271140389429
58.7955835510187 -59.0623980169478
-30.7018546791134 -18.2347315206393
-8.09933587289309 -14.8257051178885
-53.4428779181112 -63.6599064138591
35.5743472915337 -56.5494509318987
78.7941214499889 19.335742644333
-15.7477105544259 81.4618529675753
44.6372883525566 -79.3168345525076
-72.0970594649068 55.9983719029462
-6.63621109235234 -59.180152677093
-67.3232889139947 -7.07105772347599
-14.6732394209825 30.6986448173788
4.97559423645725 -80.9278764117854
84.0605833758126 -1.80235524620983
-13.941671088518 55.6863311492304
4.42528617360612 67.963298695923
22.0194219409838 6.53662652238441
2.72378713077741 92.6448481326795
55.3467547014926 26.1010641595887
39.2695198614403 -13.3508554370894
-2.48405466255475 7.21401723172248
-66.323155687593 -46.4728562608287
-20.578868907414 5.40782433784065
72.7763976842188 -40.3437405029224
49.0264342117784 46.7688897457912
-18.6743425297812 -38.1425716798228
-43.7537642682757 -0.458060172137041
-29.5251337427029 -60.9688660603872
-33.3710856790304 72.7976027261138
-83.0749924480093 9.69943679205572
74.525795540537 40.8543431431339
5.92664520752651 43.2301075861464
45.1241693587632 69.7685587158822
-53.7139028586601 39.8916466436899
-36.0320754002611 23.3240686350919
48.8505435367937 -36.213860370362
25.6325715328276 -80.4378075330256
63.16357199498 -17.5191530715675
15.1285028705412 -57.3298427704495
25.6615343441119 -33.6619845458377
68.5300328892634 61.3837898438189
40.5166058135419 10.9776200757996
9.22519879723677 21.2688695883508
-16.9700259881502 -81.9979143698471
