70   12.8508647664438
46.5451201383883 -14.9257155058519
-63.7768604821991 -52.357496146022
55.235137266592 40.8603150423195
-34.3969295630907 50.7556470354728
-75.2187490143909 37.6717972299642
37.6226012466393 50.0073234754646
-56.9349655891004 23.1306431180689
-16.4695051411133 13.2734956405637
-84.2535918811878 -0.749815052243204
73.2443326933053 -43.4911568722635
2.06220092059731 21.6256171032148
68.6616527338667 -20.9638598203305
-6.80660173338164 -62.5828802082591
18.9703704803316 82.5045515893612
33.5822770102261 -28.1068064460742
-8.36649843059406 -22.3126446651598
-79.7505712793161 18.5754320536192
37.8034268471524 26.3716311936101
1.03099923433636 68.07882964448
64.28432715729 -0.567722518669125
-76.4003830826953 -36.1330063825527
-37.7800580752915 -83.1294036919502
20.238657576063 12.8303466318933
14.3892218152773 -63.777106417555
4.72013003838174 -82.6411314524283
-34.6302866936738 27.9429274306437
81.6926103966193 13.8489798249361
42.3684878264372 -47.993211204325
24.128179184479 -6.68013740772648
11.4620631447617 -22.2894903291897
26.488547665067 -83.9796250429764
-31.2021670345784 -26.9514551718448
45.6476895037898 -79.9282028539411
-50.7871232900574 -68.3507350492197
35.1605146225963 -63.5540181873418
37.3666610884427 73.2787681858266
-35.0267780236472 73.7914607262828
-16.1377887675212 36.1356128963945
-16.364375911915 -82.8573005853696
59.5305479573177 19.9226970653901
-43.5457095849111 -10.9476362462071
72.724160583003 55.2605364496542
19.3827105755646 59.3705399638038
-18.4810409782915 -42.7944457481131
-28.0716172642948 -63.0711522514265
-16.5652870602741 59.276056999099
-88.7629215222008 -20.2051952806876
0.306035649974611 91.049278810129
-17.4698448655188 82.4344503742039
-38.8323148255502 8.2392624336648
-20.7491123044022 -6.46847302715238
58.5443209429054 -60.6710299830114
55.9571969722845 -36.3990458288632
21.2552561319967 -43.7159143136941
-52.8019676335162 65.4862532435282
-41.1840887385757 -47.6096948639872
88.2294017402886 -25.6470578598765
-52.8331822780073 42.7780589797696
55.5173588317719 64.3761302537308
1.73263156606278 44.8155148314549
-66.151155094616 -15.3813861632784
-61.5706555241121 3.98190667386197
-71.3136456490033 57.2174534248055
1.78124732173355 -43.3262598437045
-53.8659507048226 -31.6073165561367
1.65302223734269 -1.27459379685161
86.4187456110388 -6.69369183607693
76.9765271116448 34.340404953838
42.1257248043994 5.42399808157945
19.9865346391708 36.0582716073212
