80   12.0184854681892
-84.1909986683429 4.79461551053206
-58.3280535374403 29.0567638356861
56.3905367956774 -32.0632686215466
34.1687788562701 -29.6328909665475
10.291495502114 7.58284055839676
-17.9705681307747 -12.2745094799301
17.4028371374501 40.9801511404767
-7.32629683970146 -28.8167576531296
-7.68154577439786 7.1450516331562
-49.3272571499494 -69.9860545152691
-17.8977918782125 -47.5334535737606
16.9259611181928 83.6938030590518
-28.0864842125061 -65.6274340501188
2.92366444060463 -84.0200394036271
-92.025130081423 -15.1842326175945
-71.2251989468537 -9.22065642325832
-60.0368804598013 -55.85790539976
13.1899979839671 -28.0565599745096
-70.8956234776645 60.3102201135186
2.56050876548857 -46.6863252050196
-39.1051786598946 -17.1952372176378
17.0898504393066 62.2198213006228
-50.1766610506081 -3.62794186675071
22.4783306643769 -11.1411528056994
80.2379011286125 21.0908615572087
-33.8814957726126 75.3289104830576
-0.0116807670437322 27.3049167673337
44.1964887304977 -47.2429028470909
-60.5392498037818 -22.9530180695436
-79.5663924809238 23.612030650739
2.24419554631673 -10.1805275070998
71.0194619912202 59.4778240342504
-16.9617025264242 61.7882526300382
52.0539702891858 67.5249549165942
-28.8671949026534 2.28875131364854
54.0725199022306 -65.4750254622905
-38.7388467096927 -50.7499795441908
75.6847836348904 -1.93809549948762
12.7946753478112 -65.2886681802414
22.6410143788293 -46.6451304270118
44.1279730784702 -14.5671661274838
-20.543477699137 21.6853807520694
-34.4557480301645 53.9643928313708
66.0433673663047 -50.1877001188661
-81.7316362919251 -28.7849595976515
-37.0517936781346 34.3686103583887
-75.1300323928973 42.0535912810792
53.4095226657011 0.134915656782337
88.2734593784965 -19.8701970648243
-17.4991283098251 -83.5116757577401
59.9316999536709 31.1079024095024
20.7649311342483 22.7080089184253
-70.8141996827165 -42.3154894362334
89.6391311915491 1.2741600262947
55.2331548617977 48.9104911405449
-0.0555881422026658 70.020451630828
-17.266014986429 40.5578129947824
-16.9971455907547 83.4653168711784
66.3883790092222 -17.0847212249635
76.7219826819908 40.7124691544169
31.6975784521798 3.79920827545418
-51.3740953498723 67.5110224152889
38.2470499535843 36.1237486800731
-7.22787123421673 -65.4167403788523
-63.1302447867713 10.4567093070066
34.5339867401173 54.5825739814299
42.5270804677257 -82.4864565338132
64.1240502660074 14.0206020966358
-28.0866894788901 -31.4742015863925
0.249796091173189 48.477472127191
-41.9041265046973 15.8320361993354
-0.119796778875822 91.545370904102
32.8641632008541 -64.263454575135
34.1642609366261 75.4912113923159
-53.8415216123261 47.4350138246129
42.2333186447656 18.6860872136922
78.3505554713835 -35.1188832210722
-38.0425578407343 -84.2307330999911
-49.4057600085512 -36.5241628734678
23.2589166373946 -83.3799253503587
