90   11.3147736331547
-39.5989339454611 -55.6847326225407
46.2763355381666 -51.9246477157182
16.7706763314651 -48.8650461407723
5.65631946670167 0.476358621834547
-28.3918800655516 37.2041376191678
26.7839285050594 4.55533647864051
50.8656238486817 -69.1056989272706
53.8340158382645 67.2768258192134
-61.8689301244234 23.9805813550626
23.8460400567074 -29.6770931445364
-22.7936378840965 -18.5367406699704
72.300967125134 59.970383165485
-12.1531852719019 66.3015772587388
54.2421017192421 -16.7738025043514
74.7928439174166 42.4105745361476
8.90796492105346 15.1109585919503
-66.569682368621 5.75230803227885
89.594100977922 -23.9407908522245
22.1488281026832 -83.3121841274791
5.62798303921008 33.7385003310531
58.1914763854552 30.3007641119
-81.2958471197294 19.1015420547272
82.5524207284979 9.73230071643049
-42.8647475859681 29.2217671338444
-58.9103244381034 -59.6052127834188
4.17718257027834 53.1926615111281
39.8670502887012 36.4410388005642
34.0702518141605 -12.8880520273357
6.56554448022907 -31.0056414461883
12.1335509397609 -66.2994821733783
-86.0337109980238 0.918469864130575
-13.7491670873249 29.511623578636
-52.9695897016912 -7.98999985599832
-12.266231215656 -34.2777978624929
-91.4102276319704 -18.0926461789779
-11.6656858138982 46.2491380113752
-41.8141859838815 -22.0717120502533
-58.2205197529831 42.3910696708928
20.1584475873143 83.085937665287
-28.2288014040887 78.0865515891361
86.9924212429981 -7.1984946287654
36.7703076713007 74.9969773922261
30.8271718746117 -65.0385222071549
-20.3178166966355 -52.3272199279668
20.4547588214281 63.1296395103649
3.31364226235342 93.1607303272322
-16.3192998496233 -84.5674356681206
41.7925453811394 17.8280966526492
71.1201058659162 -20.4057211469256
-47.5908182941593 -73.1497172694526
-77.2415281595273 37.0814597072674
-27.0205678141829 -68.9237921216901
64.9292928039683 -55.909005887513
-7.37727203885415 15.9106106870275
-43.737372874872 50.4143755283287
42.9340321805995 -30.8012605720616
-50.525948765583 -40.8794186092217
67.3647734095176 -3.04564366274769
-61.2608421064962 -26.7989353975609
37.5941843069441 55.3051622537194
21.456653802121 43.3490086853448
24.1555521104087 24.2876743236933
-33.5697347042996 -3.22010385567479
-27.6602578446752 57.4087393767989
-43.4071684035146 70.6918204249872
-73.5385382850752 55.5145760099096
-47.1595544285583 10.5631137030767
-28.1656495155452 15.7633710428421
-59.0385451905715 63.6064124426751
-72.4175135688151 -12.7583635509124
-0.806216609609501 -49.8792536045082
-15.1188904635603 0.36021748170489
62.2074233780984 14.0153392447174
76.8894581383966 -39.4338256639838
-31.3639025728389 -37.1033538388808
-6.79692553118864 -67.5496864443156
-36.6437555972289 -85.7652887658238
40.1235267640333 -83.1354227290072
14.7882722733771 -12.0425483272779
32.2557786316119 -46.5961469484882
47.1549249544538 0.927310766251257
-4.00230997616415 -15.3598522311161
3.66196271061401 73.2586852847524
3.32311475969618 -84.3910947936137
-80.6920234091874 -31.5965276812055
55.9928118686367 48.4692044140608
-12.7437200285013 86.3255273526064
78.6666998720434 26.2064093108212
58.857007247282 -36.8226907631277
-70.0204270304969 -45.5525667861866
