100   0.716582930515439
9.41531409101446 -4.68435337287587
-2.13707968560643 -4.1965366467061
-0.743786132891318 -6.72906395885156
10.9956819422899 -1.25512471973966
7.48145669554224 -4.6371231810941
-0.333598281286915 -7.9449838156923
0.448880992828074 -6.04563445873681
3.52539018409526 -8.07981442614261
-5.74897993099187 0.231468009442128
10.3210066384345 -3.73818286243477
11.4186198024943 -2.5272726931862
-3.98757547561163 1.27721833677344
-0.857288216616951 -5.83384565726814
0.182110595425593 -5.03848440272518
10.5946094336676 -0.331276780439725
12.036284416018 -1.40275490099523
-4.66240211467648 2.31557756633754
-4.51699652136055 -6.19212947885977
11.8981955544441 -0.258906552971024
6.71184808632391 -0.427540955444256
-2.27421069580364 -8.34515530394934
-4.11712198392758 -3.0524417357844
6.62802497177025 -6.5433251665806
7.95797684040735 -0.251325504883498
5.25176229402434 -3.4888659132179
6.52161397238252 -5.19699939432391
-2.80042320657535 3.19079362435682
-3.31117387963952 0.166463163175395
3.67752554361666 -6.95837573749029
3.36913189266957 -4.62486141458061
-2.94525425088153 1.39138847739641
2.64238357245835 -9.15458034299309
-1.0863595560226 -4.77176620051865
-3.44705980982149 -4.12027704031691
6.75680452921665 -7.8178861920303
10.9827894874733 -3.64522756886048
-3.53361029099244 -2.04338452872866
0.737869571652092 1.68196765394813
5.62050428391671 -5.84527716808205
-1.6459446501049 3.18241959646489
-4.76839756158129 -1.92131200636214
-2.04397451012998 -6.54066669975783
4.42215494803699 -4.05028531209854
-2.26799833089343 2.04693400890499
6.71751923410138 -2.59846881784759
5.76025634227294 -2.70094057590128
10.4165488246476 -2.3626511842285
10.5575161425541 -4.94516811585417
7.47351887703477 -5.98174380062106
-4.6394420110366 -4.20358001556843
-4.48959888349722 0.148640035937982
8.46354740807535 -1.2166897626353
-2.87274611262417 -3.16082327167661
-0.426921862095554 3.16686958354804
0.901985161832458 -8.39911129449065
7.22340329140124 -1.37747083909424
-6.36429314869446 -3.01734007786856
7.7147097264163 -7.28893142199826
3.36448625524594 -5.81577304868202
0.290946409168446 -7.1953430972293
-1.08277447549726 2.08256577985294
2.24992594288311 -8.35718489303186
0.613069708051626 0.5401160432084
-3.55640512614255 2.53552794227179
8.57341323131802 -6.55484771028327
-5.31423411151875 -5.34108597520276
5.66166723324845 -7.12441531299213
5.53497266793938 -4.63628566553774
0.0676756579634937 2.25883912057471
-3.21328409081197 -6.26077576976984
-4.1157194291456 -5.26589872408772
-5.08618582957263 -0.863161659811894
6.49644486123055 -3.86531565832556
5.81859329757369 -8.40903876824526
4.73401513537939 -7.65326951752397
-1.54759350403824 -7.55844291926943
6.09859688628566 -1.51551057594272
-6.27389457122705 -0.90338071731
2.37259062407931 -5.16577221672248
1.43869132238119 -9.32234975728528
-3.83883544062406 -0.964566185932517
0.156048736378345 -9.15390609562827
4.47977100847311 -5.27877945618681
-2.86600491916301 -7.48141669911626
4.61819419989514 -6.34443374186659
9.76991729950094 -1.29661716036854
-2.98134281052669 -5.11758001340858
9.49070480554732 -5.80906602508806
4.79420549173738 -8.61875091355032
9.29411966506974 -0.26675988438014
1.3735421661236 -5.31056861266779
-5.24730718639584 -3.04334968749351
-3.88734174965343 -7.23822460935226
-2.04231718691966 -5.5038229655674
-5.94974200196169 -1.93691818608381
-5.21046615314402 1.18325834361017
8.39249936608326 -5.26265695273364
3.82482110118821 -9.10666809517402
-1.05364613491117 -8.78086506934391
-5.76993043386491 -4.19409226641761
