200   0.49549097539801
7.80923691175975 -1.2845906701365
10.1371894184456 -3.86063165147259
11.1312853966923 -0.999074424165484
5.70798815753744 -6.21682780704826
-4.47445435953605 -4.88117154782742
-5.59114396904895 0.71723077315346
-2.59492765325394 3.25063463059906
-1.42495276426591 1.91484623990483
-3.7628045969559 -6.34046201658104
-3.16039425514079 -7.69541157466456
6.11940220134473 -3.94268969647523
-3.51941692307145 -3.88090698533781
6.26134533140787 -4.77601550732026
-3.75880490874381 -5.47403416499943
-1.96396885025372 2.54277469281435
-3.09121240054345 -6.79112735690799
10.9031848907225 -1.67692754954942
10.1856181983542 -2.27608137843783
6.07659210320288 -3.04427845374282
-4.41362594970862 -3.96895558868952
-0.184810439050717 -9.0690793469823
-0.402846435686582 -8.37136565235214
-1.57663598404442 -6.0071998076098
-3.82123347826112 -3.2500264662153
6.65280219943331 -2.41734973786804
8.15979938913103 -7.13813646861201
8.79057078840543 -6.59525168687876
-1.61912758563131 -6.80641140120854
-5.95083997078509 0.0780322943487263
1.08200468316455 -8.79054408810283
-2.32488165050035 -6.40688362184012
10.6359281624418 -4.60276040038582
6.41974646963749 -1.12526256699593
0.29434736587152 2.47707400182902
-3.67292999820283 -1.00050442548056
-5.46983187275443 -2.79258155719857
10.0789716556691 -5.36627966500477
4.13476081687069 -5.72787139049723
-0.016036959435391 -5.9543039264789
-3.81019968901425 -7.24568767660571
-3.98520950904916 -2.42572744558615
9.69080029451288 -0.229540732573735
-6.18202999651085 -0.699562587318168
4.53975587745856 -3.61677832760842
12.1720457047631 -0.300031419330145
2.73491477343923 -8.60513526874253
5.77791117523282 -7.10980617456878
-5.01863700021469 0.246888939537516
-2.82608252524914 1.1419292798265
3.89353053235406 -9.09305612172383
7.06149884527925 -5.96565697107503
3.06709228794537 -4.62468772817684
-4.10395370918204 1.70294295545507
4.3526424630318 -6.58469696452079
-0.573044286684282 2.1480680632783
7.2281858753704 -0.173196241067724
9.14342914709242 -4.64357232293284
-5.24686934281187 -3.56677664448313
3.69150814778371 -7.18775115022334
6.98745990142191 -5.07114075822773
-0.810612752613623 -6.42208953665499
-0.148517818686052 -5.06464650586098
10.9439201789448 -3.79461938454196
-5.20939528503323 -5.27575064714999
-4.69539496480488 1.02786613664704
-1.52478955319784 -5.1890735368454
6.12095783204933 -8.59914211958482
-3.63337130818125 2.37436854937913
9.82175763516004 -4.62635967593697
6.3249226675072 -5.6074620812222
-6.32330852473784 -1.5311303562401
-5.3381491890434 1.48178131326224
7.28306609593614 -6.77984551453899
9.45034284370635 -6.0421261874148
-3.7856942195085 -4.6017234746854
4.74072963711462 -4.30601706920299
-1.06809600062281 -8.09907169449166
-5.00017446508043 -1.64050420121177
6.63239885849088 -7.296731234444
0.529927099472843 0.300847214268288
-4.38759414340844 -0.36781588009111
11.7912518755225 -1.65703837187272
1.84921402391087 -8.58392784188695
9.23143417962578 -1.45034631739447
2.53103044149713 -5.3971675707789
6.43129848990184 -6.51271930400049
4.46426559254495 -7.43881656021248
-0.96029674618851 3.45341180533543
5.33702706539467 -8.56460516676732
3.11461792115222 -7.85203353412981
-3.29878501145855 0.469864726725776
6.9224857063454 -4.18260748662434
-0.258638962689842 2.92755327824356
-4.58828574222436 -0.941670475388613
-4.1442411238428 0.39377004010432
-4.46732842651559 -5.74306070106363
7.72727999752144 -5.54525743211375
7.91650367433989 -6.34871692761002
3.17287453101955 -5.91044734620406
-4.80056680541046 -2.3704650406474
7.66489871237494 -4.65522831336609
2.1828559961424 -4.8338503618327
-2.43183911508095 -7.23312477054214
-5.50076587694766 -1.15847336889374
4.7387449973155 -9.06118919343412
6.7720347856393 -3.34595216502449
-0.841430610169324 -4.73236755637554
-1.59999710243498 -4.31069869250026
7.50890890204484 -7.56370978609899
11.9894800792209 -1.01895639556724
-4.2190306597305 -1.64782293476797
5.54917533870892 -5.34619120028067
5.14373491787132 -7.78359639280771
-2.97063470744124 -4.24098566937754
5.42542313770899 -3.67505532562748
6.50394166022463 -0.421789784117605
-3.54141095893263 -0.292716983455248
1.41484965217699 -9.39478610415592
3.09128626279965 -9.37421854565375
-3.76950502362336 1.0862256247542
-3.2194475836483 -2.63967846174545
-5.66275932280288 -1.99788480388178
-4.24291719365687 2.67134497656937
5.96741413529292 -7.88923264307813
0.591297176027974 -9.21405815076449
0.917941755042248 1.90655202463504
4.75789083469788 -5.143045147924
3.83694807380784 -4.19664595763364
6.85066393549334 -8.03887928838389
-2.3128721753623 -5.54842412134153
9.39368971476017 -0.869372288396469
-2.25719606118556 -4.71537458266516
2.23203634455157 -9.30892517729981
4.47648726463758 -8.3537318633787
0.508055928726156 -5.1664962626917
5.18342567832128 -2.96692143200982
10.4618680886687 -3.10564127087499
11.3606102947321 -3.07764174581989
-5.95656946134131 -3.95212351687293
-6.33013391397263 -2.40154592515614
8.56490352047844 -0.970008556846861
8.36134766978825 -5.00332818122167
5.74565535001654 -2.31737743832472
-1.79714005597983 -8.53613090816278
-3.02514650461747 -5.92602554087843
11.5753102718821 -2.32896439297646
-0.257693536404188 -7.65275565872781
-6.12746806442146 -3.1998148403737
-2.8757412839812 -3.2835872808981
1.12393705548932 -8.05776607456516
0.564387800936229 -6.66042640639905
9.21733955746523 -5.3110620053947
-3.16618243088023 1.73807950197052
4.00101331105781 -4.83945742480931
8.0120760606369 -0.378592134560508
-1.84100807233216 3.33437165091112
-1.02715481688821 -8.94857588466409
3.366304214527 -5.33052590794672
4.94387672176914 -5.99160157567979
6.14760458310111 -1.68853568511735
-2.51253891887604 -8.14130554178846
0.333219001766014 -8.35742606105283
5.45845061721361 -4.53683761313402
0.150977556371902 1.71002046768435
11.3839320304396 -0.300735770437068
0.483010498478685 -7.49504760938996
-1.14454994388193 2.73608296952932
3.55284250829253 -6.35605534862362
0.806684518217725 -5.87347969937272
5.13460683028278 -6.8704931418724
10.0348192056192 -1.56367882523222
-4.38135224680943 -6.65079372686974
-2.74315232650864 2.4565579063007
3.86959936328771 -7.98418260805079
10.2879796866924 -0.942011785486661
0.799796836800084 1.06258095786532
10.5600296779259 -0.245994432819251
-4.58733673956512 -3.14108564368517
-5.76222551983957 -4.78682688436496
8.57962117053791 -5.81655737595774
-5.12522493738409 -4.37274751175892
-0.777382239379996 -5.61753105929434
-1.78567547374106 -7.65636342085245
1.28902520131961 -5.04033573600751
7.04431154593839 -1.74876605026832
10.8774639352901 -2.45087841952016
-5.30164434256813 -0.45048056743452
-3.04245866570114 -5.04831115592785
7.2773524542093 -0.966935738286802
-0.175981845306759 -6.81839548731061
-0.970635273214825 -7.27745924637521
3.56814533444776 -8.62232589251973
-5.09386828131512 -6.07869552409084
-4.70530990254628 1.97682121160293
1.63865645064723 -5.59514309213317
-2.31040227362819 -3.80384892027306
8.7917079476174 -0.184207787025191
-2.28299981045281 1.73533231165136
-3.36783844092273 -1.77720472145067
-3.41620388288274 3.07734184506183
