50   1.03810668990796
-2.18266563491048 -3.92088479798185
-2.4553453941265 1.46301744370234
0.569198456330923 0.953866527066566
3.87866871147442 -9.29931780508126
-0.788115471560999 -8.5137448707625
-4.74351340869786 -5.72494810496673
-0.00452907675624659 -7.02927506103422
5.53747045424537 -8.33085439917364
-2.74846950924796 3.36134599683998
11.5755459642261 -2.19864920653471
2.3695471250341 -5.22648776387706
-3.61320195656994 -6.79959755418432
-5.51501992046158 -0.233361279940164
4.01110343889917 -4.28653410453896
0.0999015034630337 2.38452148173446
5.30515118551432 -6.85630623133995
7.08708253410505 -7.58382717308704
9.81588357588043 -0.350801037150688
9.79158974319604 -5.19850857412903
3.90500868691098 -6.03648793162352
6.80364974850819 -5.92925508445815
8.30903186884238 -0.892727973052668
-5.93602886369756 -4.29563346154622
-4.11064224906868 -1.44560214633753
-4.11467470922217 -4.15253062346854
-1.65910539182696 -6.74088109498602
11.6796464830179 -0.539800899980401
-2.49301729307782 -8.10377696882416
5.41946964862544 -3.04066001533239
-5.14949636962304 1.24762095155316
10.6299186356738 -3.6945471059686
-3.68132323629698 0.140846215827751
0.615663147369328 -5.42504686454421
-5.53736584403359 -2.81079630748096
6.60771386489148 -1.91134459007584
-0.959285690120813 -5.27205214877295
6.8895369109232 -0.534908325353172
-1.211532537514 2.7475891944625
10.1284074388963 -1.75544815991406
3.68122526543892 -7.85491668984583
-3.65170487097079 -2.77709055467121
-2.86235895621865 -5.40540550485676
6.67575424621602 -3.95158536071546
8.08453505347636 -4.85422098081811
-6.05242916556318 -1.6431374797727
0.62806741778356 -8.72751771416086
5.39275979645872 -4.95701597528438
-3.88952632742531 2.09032347163971
2.04627217674219 -8.95108139992843
8.58347195460469 -6.58717081184463
