100   0.655618557648616
9.3946360307948 4.34702877625339
11.6241220023949 6.46283017611131
7.60525646049463 2.32301677921265
5.33688580159816 5.84229062331757
0.323109562858008 0.57046989275841
6.35964005658536 5.19221780231839
2.87041108565822 1.20350678189572
4.99355937277136 10.4335861391352
2.28309410061166 7.5859295330816
2.43394416699166 6.69126490988606
4.23627268103926 4.27646574618255
5.99670672906297 10.5104598142955
0.138686902417172 3.35921795348986
10.4416265533057 4.99301382205816
1.35756599117303 9.46109071093879
3.47509885551814 7.30415917866148
3.44809997765697 0.353895540384178
0.599836046523565 1.4055761500281
10.4582200969372 3.97453743112868
5.47019159942283 11.5468276636145
2.22874743775233 3.28571814382582
3.18882065310204 4.00153433012481
9.62476812163586 7.6302402492438
8.67549572743498 7.18587658536968
8.42997711516485 5.00053026817951
2.27276425838921 8.79022532362309
8.23999960757741 1.36687217391281
4.33279996684559 9.40375663636093
1.36683757533389 8.25632957207365
9.63316380315408 6.5492342315258
0.492093109438429 9.56677944675903
6.71998422606734 2.47497208004677
9.43767544621804 3.30873808288696
6.52872526287683 0.387666465198179
0.32429527360058 7.65453835259541
3.33690578970552 6.17334468608143
0.36833347781154 6.54237083817134
7.13499572010053 1.2747847539686
5.83366243587807 8.51539076439787
1.58246231636657 2.21815839414489
1.23995866213563 7.13037554442104
3.76944755172008 2.27486087902527
5.45229572500059 9.50705641560088
5.52387326649164 6.77413520524488
6.47198739327723 11.611363457836
3.34763068708683 9.4466957419186
6.7176870671813 8.4478699179928
7.61040490015876 9.82768720672485
7.60924488638726 6.63862038232862
8.61933903754107 9.46317113716384
3.28565547124484 5.06127907871057
4.96646154733025 8.46520403653371
3.03449214760877 8.32029466327632
3.52875682033482 11.6123766011791
4.27490756025658 5.38127902718226
7.27454699760414 3.52462550351636
8.64588783761181 8.32708467985231
2.36344022676349 9.82741254369165
9.56958007033126 8.66240621131146
1.12840615826979 3.10862596339157
2.30970724410458 5.62195417904877
8.79685238574062 2.26053179324915
7.62829431201681 0.322448543819363
1.18502835757681 0.373524162305313
9.48533949058529 5.43880092738746
9.49785191280534 9.57847540880903
4.88745053607272 2.39564369554192
5.83914567594184 2.49585260714795
4.3341762350368 6.4490648329928
2.32042714596496 4.4721176954498
3.99104647762032 10.499134781317
7.65064595793266 8.85831076108495
2.54656856130023 2.18942078480013
11.5181865042264 4.47655232807072
3.27913245029372 3.07538222087365
8.66581222327659 0.460489904788639
2.31001877237577 0.293644868788613
8.38107463923688 3.97210477071495
11.5955037469148 3.51596363366116
6.62758705699654 7.12947187073942
11.5785866834872 5.42341887071962
6.55730479285018 9.4970193238247
1.72403141007114 1.31572358925282
7.49208681627614 5.57636763283648
5.30305639300585 3.54612312902775
0.393881477001325 2.1943242108142
8.28619739712769 3.06491559249717
7.69052923247194 7.71515540018877
9.56624317413662 0.491620491200592
4.27795866275025 3.32596777478879
0.472402018742005 8.6789469611831
9.44600228923908 1.33384364566882
3.95057643085281 8.35074098199549
5.26343757029602 4.82966236992914
6.29960445003235 3.60522598736875
4.52696102679026 11.5423376497893
6.51890373437713 6.10560469046104
9.87505666160783 2.32804933318403
10.5519773744089 5.97842066933334
8.56826363201043 6.09497917494777
