200   0.454167271205933
5.31858073169133 2.26799897778817
2.37403855091833 7.61407444482389
2.53622415439247 2.81168129287949
9.8488947837567 4.59045471817398
11.7516178381338 3.38022285068291
6.83075717336561 6.66160922672353
3.46986092945043 4.1769212063211
6.35673507655017 3.02264682881317
6.66928817321349 5.94856141257999
3.74483408927598 4.84506833918631
0.404563357849838 0.206388943600674
9.62434693714022 0.255242030165391
9.33171828177089 1.64871768060092
8.34366947451852 0.857391626243944
7.23262675435561 5.44712153967441
2.01942520725424 0.134874967596993
9.53766304601488 3.87745659351744
4.50566175316874 5.7764368354345
7.84526051864108 1.51278052032189
8.48503406421372 3.00084684592684
1.69067108863596 0.82021432557775
3.61697587717208 0.244050054004751
8.04735953733422 5.60734195891208
1.57200265443919 2.15045602566624
2.46966035300198 0.817114304040961
4.26880251366482 4.30563306533143
4.58299021953199 9.05265049778416
2.82120373922946 6.91859227484329
0.387406021938659 9.76297790950048
5.17773718631218 5.38278462172322
11.8045921015635 4.17041991840233
7.54731200228353 0.843990009648554
6.98348171781981 8.29885326747219
3.13658917994875 7.61498851405554
6.61082021828042 11.7659056236153
7.43328120998922 3.69584275348241
8.40376879728596 4.99125720248584
4.23408454287457 8.31173584916682
6.73767155786111 2.27514056020329
0.0494282734248868 7.76651582238264
8.33449299046559 8.21053878751459
8.08144731897568 3.66892788826954
10.5009199625914 5.90418510952244
5.81613529103925 11.7954843457065
2.33824669287864 3.47800434734616
11.7639584159188 6.6119955687318
6.00802900074632 3.74461759701951
4.38922020329017 5.11429138145501
7.45370037645087 6.13629435133095
1.97213468154275 8.35209060551317
3.60706865886157 6.95959991400167
8.03963101858972 0.199499256498063
8.19787196436143 2.24785004691008
7.73429319478539 7.57599514101456
3.26112608110193 0.928926939718643
4.15578940605428 2.94843798135476
2.70544367401261 8.31274267947367
0.0468794269836508 6.45173610307393
4.62043901224573 11.1360048416421
9.67937128790284 8.89364812954223
5.92174213787192 5.63700759596337
7.0155411391988 7.39730163389332
1.74851637841813 2.86304626057158
9.06467328734511 4.51500585824957
6.31667081839823 9.73669763016468
6.48783335750206 5.1633293151081
4.55559671890151 10.3990652942192
11.1067574928048 6.25078924928103
3.08412392560919 9.02509829308327
4.13848133953057 9.74684756182319
9.10449115023201 7.82308381045274
6.03449945884196 6.39874891248044
5.62398187958752 8.2608532334035
6.71295834925929 9.02247616217091
2.04181723191701 6.94525635234405
8.20965228304785 6.27268578629656
0.8294818696911 9.0659323206334
4.00313546515028 10.5957315681186
4.97737281774449 4.64361632232757
0.975802144561953 2.5528386746242
7.22294791266904 0.198095305612772
6.25349408682633 7.13276509284933
10.5769127339279 5.07426596738082
5.00625706794695 11.7932554963425
8.33982201258186 9.66804784051787
3.03550391079542 2.2246669153356
5.9613710214879 9.0340404758965
11.2449435029831 4.59894767018045
5.94190179498842 10.4858045712299
2.67048348512617 9.76168744245356
2.18130270175121 5.58575482061133
5.62896147772656 3.0155230388958
0.836784851975191 1.76570907160264
1.15578809316503 9.75277515003804
0.060948721225887 9.07590225560125
11.8403097221611 5.00555540277855
4.90835149412396 9.74034212227366
5.20136590767038 10.5124600019855
9.08901134179944 0.903035942588248
1.40265267223572 1.46556174617866
3.70041506274675 5.58268205835961
7.05364767574273 1.49146523005339
0.815661072906401 6.46804035623639
2.35820099065919 9.05344911336304
9.09614308495657 9.91623488104984
2.15156337200627 1.50090887277417
9.2226225504932 5.1781515757112
5.4317961667326 11.1350218599618
3.4604773309837 8.3244323255352
0.132043702581266 0.847326161048841
8.84079285898961 5.70256550490452
3.84791514788986 9.0101197880423
5.27160391147481 3.72424504432341
5.45819772962025 6.87799519867395
5.28765629405734 6.09552360671058
5.5924686684159 9.78350214023999
10.605891600944 4.41222847445134
3.39494592492701 11.7757708309266
1.59056085843737 9.04445445744939
11.7787716538171 5.82735390379094
3.36938522039327 2.88831089668234
3.93581168922986 6.28459294580403
11.1176121054879 3.76741840372987
6.73979858201346 3.71825814015086
9.63736023438677 5.9185176655535
6.73254731255421 0.845823228945447
7.73003304476151 9.65888464185711
2.88384915705301 1.5381816979943
0.244138104755972 2.26029624106013
8.97099080636835 8.55855344618644
3.81518010096624 2.24096125279966
7.60617395704742 6.85891192901892
2.8435274984804 0.232027634191638
5.73646593952797 4.85485916447083
0.405800203564039 8.42191433270628
1.19743693515193 0.23554845163643
4.57603507002932 2.25490717319924
3.89323381207797 7.62878046004633
4.90828386083012 8.29661379826132
1.63127620521095 7.66862264974881
9.63243809040757 2.43949435044144
0.404862686343199 7.10926190495957
6.40713229089112 0.201263794352659
3.82951898226587 3.58931424196414
9.19173911356759 3.1258488370824
9.89650302172169 3.14846858509815
7.43922439831937 2.17864359075172
4.90757129065619 2.97571006705413
11.166143781827 5.42731921010702
9.14637706270678 7.04145712899074
7.44213468805528 9.00743935918008
9.90341977593908 1.728958122927
8.79078514603383 3.78810419440596
2.09681054101421 4.2248056808894
7.62979199337603 8.33710994019762
4.6065590663244 3.66274551422728
2.92315110891205 5.60834410268735
3.02249313960503 3.47202658969012
2.37889332859653 4.91894032305021
1.19505799533799 8.35828409327959
6.31863114555017 8.3193974111104
1.24614140127458 7.07569896180351
0.283258243623583 2.99827425996773
9.79086242490142 6.59507541323546
1.05199053951946 3.26033852704963
9.80835377821517 7.40996430543601
1.9103172209228 9.74169605682845
0.318916110142294 3.67664234497352
8.21867508854569 8.96271417560729
7.05845600718749 9.73909474041853
6.24007982088994 11.1341194498372
7.07894747171848 2.96024700847574
5.29414156707133 9.01106008127857
3.12177615721732 4.94499563776135
8.93905835668661 2.3380613378369
0.852282665039986 0.892202219420922
9.74401164776417 8.19685334313544
3.18492858858411 6.26027856176418
9.93261279532999 5.33685288590332
8.84816232866776 0.214098639589735
4.71233278357238 6.52841592682707
8.60395482408273 1.58207656368571
3.40925786149455 9.71321614481232
8.98031054533534 6.39674633220388
2.77978795904126 4.21740826996682
9.76288426780079 0.897833800961962
9.00425799002683 9.20223365649922
10.2696933073795 3.86533799915365
8.30682453571898 4.44848276744258
4.19588780374033 11.7964605173551
8.48493735378498 7.57588063882187
3.77899379983223 11.2193421078978
8.34191096846103 6.9634296853678
6.03079071649012 2.29472358509754
7.74675345335254 2.91104611400545
0.83204526898088 7.71693036359865
0.342966906516526 1.57960158842616
9.77125626736004 9.60764980435488
2.38213527003346 6.24759180142428
2.29910191923411 2.19254536543629
