50   0.955488134903326
2.43625170184184 5.04831425982411
0.509149978509651 1.62256461984362
11.1158049827318 4.9652009618585
8.1449317180377 9.90229821032286
1.95581267348458 2.40983109533784
8.41474106066865 5.11727023497499
6.67216469180781 7.46488576083065
3.23786593123805 0.576287957696577
0.54552088669152 3.21554826758802
11.5379138338758 6.16367832405376
0.66253674969731 6.68847848818414
6.76368725612168 0.574229342777462
2.10232928335589 0.879503643377333
6.78936734976943 9.13463065399867
4.70911751728284 11.2095367225128
8.14488216151178 8.21900964365904
4.02561284440459 9.50445969464696
4.14524584571467 5.01798668076422
5.33146167691042 8.50638827143595
8.42880879834411 0.316818232174449
8.28691496495344 6.72597550428085
0.381702926907492 8.25289101948147
6.33615046463599 3.68318679609644
3.35617642286642 2.27504395060145
3.5861721993133 11.2454407068472
11.4798855605537 3.80152263780474
3.5822255024371 8.09615191651374
9.77965166388425 5.79212622446026
2.45475854689066 9.41299341812249
9.54765622448528 7.4750538345853
0.850424088479485 9.56441253153025
0.864462404220831 0.407016352255596
4.49456885837425 3.56643055796977
5.56071585924304 10.1472698000285
9.64743835994789 4.11091246069385
5.3407667254843 6.30650122350089
3.6212422422938 6.3596256640973
9.38151515573118 2.51807325391834
8.09863083672812 1.74253289733544
9.66512154202792 0.894882105407305
6.82626146768721 2.30626263578961
5.72936162714093 4.76948983072307
6.12294531796942 11.6208790979144
6.90753884501473 5.9187401029079
2.85970706567186 3.78126390055482
1.86266507412297 8.05750222241749
9.54770578173571 9.15834240018739
5.09620434989997 2.48203907340081
8.06256872353277 3.5179606612117
2.35118080600926 6.78700885785454
