100   11.2616395298178
-30.1547399037007 15.983871295257
-58.2632653754548 67.7464703840081
-78.2401873943396 46.2937755972822
-31.5514836679742 -35.3213514814881
-38.4669840650332 -66.4166211233288
-4.69068591776163 -8.89795376000808
71.4336997394922 -29.999136347279
-18.885256835361 28.5324905470593
48.8137703039579 45.5487785967801
77.0563776023037 -49.4339746432599
27.8194121629155 -0.676820404588929
-24.8341012875697 -52.6143756983434
-51.643183206716 -80.8198177785701
-62.8686043366032 -45.0243677425034
85.4300250415003 -16.3246238300187
51.4096628943596 26.5760647172123
8.08100739146236 -46.6989121210621
84.27351224 34.5106653664746
80.0088328427437 53.212666953874
38.9444366835139 12.4753417689317
47.0755172026218 -6.55364903764058
-94.4174507779069 12.606278860351
-37.5608190379601 63.203769520013
51.2790892171251 -76.2031936243376
-59.0868481867265 38.9037009384359
10.7456670928796 53.2520197509986
-49.7527344237488 21.0899490566882
-17.6988764306564 -22.0806717351822
-42.6362415090286 2.59881907085418
-61.5805766646559 7.5497265800961
52.6115769945814 -25.2475870832211
18.6524601598493 -84.9009508254613
-5.45082139574092 -58.0177607589006
65.3592853056853 40.2643386351964
-85.2792619004193 31.4143553306087
66.1869465577781 -11.6135131059041
-11.3215671496199 -39.4533360627278
25.5697633808309 67.7103613384096
-68.67212696552 -26.6487181783717
-25.9354609254978 46.7310931234549
13.5654821905256 36.2297945911973
-87.3649252116518 -23.1003406552643
39.6043883087234 -38.4384399973274
-30.0723954215147 83.3943283031818
14.2925610135049 -13.6653185968329
62.8903693819374 60.3994928376704
-13.5554693933548 93.0030149844356
8.54896994732175 5.06102225112328
-46.4453468232159 80.4396448819482
-82.1307560608955 -40.7798297403644
33.529374395166 -19.4373661500507
65.0141914912819 -63.288922163003
32.0748974679414 -70.3970499236121
20.6125634459225 18.2750428521632
89.2926506090633 16.3667632042254
-73.8109230109538 -8.12228728081048
20.5033509349901 -32.526331401966
56.2393063111399 78.2798904157191
76.768581919958 2.4919279652285
-14.2246679022878 -89.9883202591039
-0.267411355017622 -76.9364696328452
96.0424705693255 -2.34040546268401
26.8287061751761 -51.5683476655431
89.6651951344831 -34.7274932971214
-45.021773560093 -49.2010116314837
-21.2552328061593 66.0542800032883
-49.8597705524695 -29.7811360307121
-68.2454689360687 27.2100910331824
13.7362032906607 -65.7257137733979
-38.839442522005 34.3145469295101
4.48769080168018 -96.0696909547181
-19.2469029288934 -71.1114018831093
70.1919062446143 21.3859963950898
4.77215453701023 91.8482311322428
-10.4487718090805 9.90475079082044
29.0769513411796 49.2118653066887
45.9256660174021 -57.4845880450078
58.6821436427249 -44.2531671608253
-58.2149758211689 -64.3989570865818
0.696948989659838 23.2669451277116
43.4998227289121 63.0649846109566
-6.09615090426396 41.7186257646676
-55.4572901720043 -11.4033664396022
-91.241095375649 -5.35280374708287
37.2063714681253 -89.0569738795289
-7.3807686402819 57.2038058485983
33.437259122454 32.0692237266804
-32.5770938027207 -84.9853179392503
38.5545034890192 82.5906803523882
-47.0374948257789 50.7864828627298
-76.4481334612004 -59.125364992907
-36.1557726441879 -15.9702838380747
-79.2596720026357 11.2234146718441
-67.9278621190975 55.945914939362
1.50150509505033 -27.779119527759
57.6989053850749 7.38957132217429
-9.34849510117882 76.9474304968036
-23.1986594089071 -2.53542099247773
7.3620727696068 71.8675162976283
21.5642648091155 86.5632266589262
