30   21.2599065099618
-11.9387885559288 -90.935536177345
-9.34660931021595 -52.84197215004
-9.27312864374942 -16.0614178554716
59.699062718899 52.1776112938588
50.4359175309281 -18.3264717821258
-75.0366366624644 -25.6122836212488
-44.4619316636621 -5.46867865747203e-05
22.2309447675951 -38.505006177607
-72.7830211545968 55.8072303827164
42.249552252101 -73.1782908444656
-41.0891441184234 -34.515538752664
-84.4991255562938 -5.98257875186192e-05
50.4358951667357 18.3265913314044
82.4717984697579 -9.84949370597121e-06
59.6990460962153 -52.1775715452715
22.230900116116 38.5051027046669
-75.0366763646869 25.6121474507993
15.3375216539376 77.7897257516313
-9.27314062492168 16.0614483714927
-41.089193967229 34.515418111272
42.249500007697 73.1783583846747
-41.2357672816996 -71.422688701237
18.5461728842271 4.56342310832802e-05
84.7219580192693 35.1283863126751
-72.7829756165044 -55.8073515755013
-11.9389779836049 90.9355852645639
84.7219737248393 -35.1284243294868
-9.34670665140528 52.8419789353475
-41.2358606543765 71.4225981795017
15.3376673380161 -77.789658959615
