40   18.2197885689298
22.0777871587743 59.5467657311386
18.0644489546799 -53.0541965922841
46.6471075212708 -43.2376465828473
-52.4504851513704 74.0738058185925
-40.9937364102434 -77.1743553545426
30.4968426948781 7.06746545339182
-88.0543658101561 -6.20165831785201
-7.20866490164055 57.8415946075277
-52.5641313243526 28.3981410161679
-10.6905149711343 -62.6025837194729
-1.27774417815267 0.345312645077006
54.7456920474505 65.2201096218632
-24.5071735864466 82.9077764447083
-31.0813670254596 8.3489996751464
3.12500463671289 87.3277635813408
-30.4570791246111 -15.1492298548775
62.0287506941635 14.087091506177
-59.7773960823578 -26.947095284192
-85.2198460277685 22.8614529747584
42.1942478022597 36.8884535834078
91.6562395675914 21.404224602282
68.6342440809219 -64.4169866577119
14.7498938529132 -83.8656004635467
-12.0605394528556 -90.9354238561767
54.6381498750603 -14.6562301988313
10.6629430147956 29.8713011491327
-38.2689211145443 53.2491745252383
-73.1355846561482 49.4345174672847
72.2187540845633 45.493565139333
39.7545512174424 -75.527975430788
22.8629140083309 -21.3808023299776
78.5993400351052 -35.795160930844
-62.7137493166335 -59.5101338849596
-59.7148602204586 1.72630740801279
35.0590129093583 84.7609389045242
85.9648899701931 -8.34414343887515
-35.1879086642052 -46.4654237221706
-5.71916089921735 -31.1949565585809
-18.7854323053735 28.3648385781427
-82.4839373990013 -37.8871372540828
