50   16.2052596333772
-25.6732881432753 -65.4756632897019
-40.7797327627035 1.53816158739927
-72.6777488791948 -48.5307328851279
90.333487380273 28.895690121051
59.0755387115122 -59.5361253619838
-4.9013633661909 33.6641655705529
20.029147099025 37.4062497954189
38.123045858337 -40.5695125675818
-68.3376417988316 -2.47999701554475
-38.1123878241175 78.9298747403259
-93.7433712345193 -3.21636176258432
-21.6548088084277 56.5989781065277
57.905351269765 -4.31225976400599
64.272177403746 21.2741701803003
-36.8801295085388 -87.2575458524053
11.9816490054666 9.52083853113303
-54.4246265664128 -24.8440266103809
-56.018089541352 -68.0064458596768
55.2330462081013 67.6509731096453
45.977268937001 -81.7741695896835
72.3194318456318 49.1598049064203
-7.13228010779189 -88.022934455669
-29.9844793278268 28.101336790023
78.9199388474311 -45.6678913558983
-81.8111341618263 -29.0698364399173
-13.2828904474861 6.09389205995425
36.830155269837 85.6757058139365
84.5239491330102 -19.6091824964479
27.2249978674931 64.8031183574906
7.66783678449222 88.2181522501004
-43.0620411081608 -45.0998661795681
-57.3560114711567 23.8577140776206
1.78930486499999 -62.2797979956012
28.2804415818693 -62.0779642381977
-14.5135571501105 -39.5769976955786
-75.1710631596077 43.7769162449352
17.0030351450713 -87.6081439682306
85.7480405974891 1.52361447815889
-83.5768837244618 22.3990789649057
37.7514013823705 14.8994598936089
57.6733841263265 -28.4066119619343
31.1520668022446 -12.6527261119405
46.0601515226754 42.5398911365458
-14.1163242570661 85.607551375851
13.4763785154378 -36.7066008958064
-64.2663572884154 70.3133803677734
2.03325766258729 61.3060497785728
2.4106693546237 -14.3771110077264
-47.0325063148376 50.3670527374045
-26.3991308464332 -19.5452976097723
