60   14.6505681943103
-33.1440231397339 -33.1439714703657
66.4943635064654 7.31450499482247
-5.25363939236686 -65.8022880771057
-88.9753535423866 -1.13380863935676
-92.1683668548114 24.9307949771835
-21.7012348155249 7.77778119022072
-4.38753240890081 24.9443608220224
-66.8380727871663 -66.8383229782448
48.0767803830384 -11.3222191560998
-71.006229437778 19.2206696902207
-28.0609677270313 -59.0347983537506
12.8756798837268 -46.9439534429379
76.5941471096301 -44.7172456786557
31.5177858398333 -30.0148273096948
32.6912584832427 61.7499317005449
-1.13386253699033 -88.9753225619976
-84.7717567851244 -22.870725972116
-61.7810006133765 62.8013681848785
71.2010786744786 -17.9737795799611
37.8837260423289 -54.0839408770302
80.4282449564988 50.1842867791382
54.7852045940049 -37.1106382613655
-51.0274397810863 -51.0277851574284
-43.4450262033061 -77.346146016088
62.8013853545478 -61.7809914001325
92.2896720852861 -23.8361423249327
7.31451859528586 66.4943297388831
24.93076862524 -92.1685741990676
-54.0837560880527 37.8838130243441
3.84024483550539 3.84020834337886
24.8145057061925 85.1504583176974
7.77870292815749 -21.7004053962227
-22.8711255199639 -84.7720260149638
-77.3467054098457 -43.4452092047008
-37.110511126401 54.7852141394463
19.2205728873697 -71.0063285577634
61.750004220337 32.6913084633836
89.0682989038386 2.04845533559428
22.3127716307431 22.3131300328696
-76.2800673472159 45.7230578225883
-23.8360994289959 92.2895224805526
-30.0144355323413 31.5173562001144
14.0204871275356 43.4375397710288
40.7420729346043 40.7420304357562
2.0484339310539 89.0682794914735
-14.8377007576078 -14.837490041266
43.4375793087522 14.0207110009953
-11.3223675850075 48.07674084292
85.1504517119763 24.8145460382262
-46.9437646520158 12.8758090916923
59.3441887559735 59.3442315298731
-17.9737452289566 71.2009755314777
-65.8022950164844 -5.25340586299906
-59.0355693502939 -28.0623003987848
-44.7172596788543 76.5941654894138
45.7230688982706 -76.2801200242253
50.1841905823704 80.428188209987
-40.561283197875 -10.3464946768543
24.9444257458023 -4.38720049207231
-10.3455151538934 -40.5603079222842
