70   13.5732078934096
-86.23642727613 21.423342184046
21.0572487510175 12.7111753719321
85.1706612444563 -38.4481008142386
-34.2675169821676 -81.080770229091
-15.5691859345747 -85.7840884227529
-72.8590102739039 -1.14320861146209
-0.0299126030882473 0.439693116627517
-48.2871529710057 55.6651080477213
45.2170943012554 49.5688627450908
43.7117472163467 -77.4094834992351
-39.5859759470548 -19.3481036527209
24.5972850429161 -90.8081067825275
88.8992297305849 3.69153800930292
-43.1914732127415 -57.3968816581335
25.2926245246878 36.5201946890047
-51.0796801961125 77.0570707462792
-10.4006747820025 66.3747039045867
-30.2873913367144 60.7565271337197
1.3603871561876 -88.7395590156098
-14.9592672723673 -18.6283830234308
-86.2570473081245 -22.5690020874854
28.7931341958493 -32.2354270422011
71.0266013465455 -52.4225744914595
-53.3413382064453 -76.1185124001785
-79.3245186627815 41.3808622087068
-21.8898695185087 -61.6555852546828
7.49990669936981 48.7092153273456
-65.0334078536078 19.1064156246945
-69.532466495158 60.3146985562447
3.83178649972844 24.7815345219881
31.6337352965602 83.8550815219044
65.3823736377075 13.7215026874499
-57.2736658524987 37.4818106760014
-1.68882464682372 -65.7586914275482
-24.8624162506139 -0.116693376783223
-29.4640737735397 -38.0520909774661
-33.0389759569482 36.7812432542808
66.0641734851939 -5.38984268054283
62.7218177816369 35.8060846192444
9.96666745059938 72.2671575262077
50.5936894869333 -41.92340267138
85.1995233727057 23.6817377715885
42.7769733171545 24.6114386262656
19.1251629581017 -70.5557654369193
-54.1905171510295 -38.5675310877235
-8.2621921739644 -42.1065154670264
-11.0582810821435 88.0567978902219
87.8082003508604 -14.5150527980959
44.9929603199868 -17.8523696957867
63.8356136138633 61.3823602234794
-31.2090434497787 82.6403383421757
57.0401278623415 -65.9028568921297
43.642272649016 3.67523152274533
-68.1460975153503 -57.4087387145719
12.9006703356023 -46.6277009146734
-12.9453645598397 42.8721893563795
48.2287250417857 75.0047636382551
6.38930929443076 -22.9863829863383
22.5620654028868 -8.67952000781132
81.2092165037511 46.3625951473169
-92.9197968263613 -0.397415935892631
-78.5193283521766 -41.8461690442274
9.00983387056173 93.2481626813488
-41.0933488297122 18.1342413758213
66.7845215027333 -27.4325695690274
-63.642515687469 -21.3467855180071
-16.2573936374715 18.6989611279857
-49.6337211487712 -0.817583523877225
28.8828156048299 60.5033032007794
34.9710924187672 -56.1553658974607
