80   12.6626361752575
-84.5039569248175 -43.6069266876497
-48.0489557328397 -57.4273464991768
-84.1597077847305 17.5983172282555
-18.1166774859941 60.202903414517
64.866082210571 -63.4577005557381
-13.0528717087265 37.8779246995839
-33.075916192449 -41.1441333364518
49.5633232297312 -80.8312856765385
57.0002579870626 53.9345615273071
26.8091586209034 22.9043102717221
69.6418763986451 65.5493975121073
58.9352207642759 -23.9690688134138
44.4823545453323 -59.7264103244738
32.6317674817077 83.4338850486387
-13.5765278573279 -46.2779292855427
-73.0819080791048 53.2938908741422
-46.794032574064 25.2370476043186
-38.4422601091558 -19.3149740551936
-23.8912199777075 -85.5944764176824
80.5749295674483 -29.4477252034044
-42.8797131929809 3.22531666344211
1.52698572472845 -28.7918597334053
-8.81012902931368 -68.3834105772213
37.5870446542763 -19.6886187992254
81.7669858158181 -47.9489231082982
-88.3933480763858 38.7188974781699
31.4804768132218 -79.9840765483342
-74.4382354295165 -4.2941866761957
-7.75509692392066 95.2327788650232
21.9244111295659 -36.2842556988139
10.6738652227103 -72.8361612096619
-62.8506441113303 -71.5751658762918
-3.68215848888702 -6.92043847542943
90.5078310323842 6.84711099991396
6.37490877772931 28.8830335159398
40.4200165038488 -38.994950190951
2.29743935116488 51.4903198342675
85.1604620182019 26.6689079068734
-28.225216931017 -63.43454316453
42.0987307818778 38.9429309425715
-53.3124705872728 -35.977941605322
-18.1874826883848 -24.5312308594557
-68.8459130728598 -51.755370200296
5.85403980885264 -50.7740687561924
17.0380229964871 67.4751704340611
31.9182139820907 1.91758421720357
48.80231014902 76.2287985860404
36.3994885722634 60.907672392225
95.1381755829452 -14.0568433130892
60.8068714421659 -42.7231932927069
-52.1832244878945 47.1925570318468
-67.2934029579354 31.6953023218422
-63.0764403641776 10.5437664053498
-44.0524952516268 84.948123244592
-69.5653085164624 -27.5753284107609
16.029068609427 -93.4246364397224
-58.424560226286 68.2214835249076
69.0161802903659 11.9162385718395
63.4739891050636 32.5924934192554
21.7245746088772 44.7244055757106
-27.0724492168721 19.5786634156717
-23.5238646119338 -2.70936652497057
26.3040863831487 -58.2237301535959
78.6368432828928 44.6824221289399
-55.4348673282365 -12.0821181212542
-42.5018149479317 -79.8639383397214
47.8696189855033 17.763633150119
-88.3709608700113 -20.5135899469526
52.4694975232308 -3.17044366504596
-37.3289854960908 63.8137329458327
12.7682572334693 89.3319865833089
-32.0381264698362 41.8813276393748
-3.15707671815471 73.6559703863515
-9.0287597070847 14.9039225495408
74.0507896291602 -8.56775432965057
-95.1689527818309 1.29479519228398
17.1560797799109 -14.9282223124635
-4.77221940084726 -90.2148690370159
-23.8987465981044 82.3650162734019
11.8187591451312 6.9744677891829
