90   11.8811426163358
32.6137341405341 -13.7990350578236
89.4950492733927 -31.666360482555
-41.513006215601 -63.3548748926991
85.8663928920853 -12.5975848675512
-66.6923946323951 35.6700531052262
-18.6592165288032 -16.0664696489868
-90.1630851939944 -12.690295908938
-36.9817664603022 -9.25826270902971
36.9493802402431 -89.5009159218653
-70.7155224500535 -18.0444305685568
-95.8501627734271 6.99213636823154
-63.5067167883073 16.7829199001879
-57.6235359859252 69.9955603381218
49.7454084921785 57.3682855926415
-55.4528617250851 -78.4847724015964
17.4231908956758 48.9027878153068
22.1071689843745 27.4191650459918
65.1998839776289 -61.4770582109132
84.1658354264757 44.5122274582135
77.2678074500868 -47.7844522435313
-65.3538719269983 -38.4586542510586
-52.2615754966634 50.5515323012313
38.8158484239027 -34.95334211656
-14.6001059187846 41.2344801975509
-21.9426695285634 -69.0153264086461
13.9223370601018 -7.12275013259779
-9.58190093593954 19.8169825053918
-80.3531273888477 -52.4374910565578
-43.6711668242137 11.3721155355159
35.6651602037817 42.0543747168503
58.2916229152038 -40.8567913818082
-12.1156029492479 -34.9496443918065
95.2178926794599 1.9566845036426
-24.1928758915015 5.48019718948355
47.2633309857637 0.584183545805948
-43.6351769953354 84.9998055229195
-5.37419905753096 76.234089720954
51.4816812542575 -20.2096099353633
63.1030924255185 70.4397029141703
-46.9871246137991 30.5859362541023
-62.4830937326464 -59.9285133488287
-84.9076783573796 -32.234149636657
88.6844924059961 22.9028332651682
70.6636607948297 29.6712664589054
13.7790022895099 70.1503735371524
66.2611878365086 -6.39680175641915
-26.6246684188192 -48.9271090324548
41.8960175607134 21.824759184623
28.2271354238827 84.8182664650521
-36.1630351353709 -83.621836831345
-32.9751040301394 -30.5415372775609
51.7312574392877 -75.5373552193061
6.9347616636076 -42.9783623705409
-6.91330890503226 -55.1807051922184
44.5614487608403 78.9389307878822
-5.8496585037237 -1.39257963950815
17.5018964695553 -84.4709256407694
-16.8281467637922 -89.0137380005563
31.7475840265728 63.3882712386842
-86.3323672148646 41.6891209795592
-71.8043241889396 55.7920805777254
-0.820585314731059 55.680985898814
-75.9749221339835 2.23484929467502
-19.6307443334355 62.3116402048815
-24.6732941489587 82.9950204520476
-47.7339136774139 -45.0100886398509
2.93427265289835 -95.2196844098747
8.78225087583459 12.8584894456437
-37.5067347590562 65.3562682528251
76.1369654970261 7.93588962681984
55.2056874974019 37.3034880312999
19.8942313312895 -28.347570152256
-32.5609688948824 45.4828826309142
28.6039518745715 7.15026756716936
-56.4259782187329 -3.48215941648129
-83.6032944110906 22.3560671275637
1.10618390855983 -21.7699327886933
58.0916069276026 14.7894958202418
-9.44280018160163 96.4490810090316
-27.5623972992807 25.255142302863
31.6631624209491 -69.7039833824046
3.83598875017324 34.3267284546056
12.5387291911007 -63.8422095610305
45.6749340769842 -55.5546595607098
26.0535878404532 -49.2916955879136
69.3725136105304 52.3614490643264
9.87575724651016 90.5073568205679
-51.263557840187 -23.8499307744596
71.0738153655149 -26.6183503082755
-2.05805879972387 -75.1047819838893
