C 171 
18.040620 2.714562 
18.141987 3.094688 
18.103975 3.550839 
18.000000 4.000000 
18.154658 4.399788 
18.382734 4.767243 
18.572797 5.147369 
18.737518 5.628862 
18.750189 6.148368 
18.737518 6.667874 
18.547455 7.009987 
18.408076 7.276075 
18.167329 7.440797 
17.774532 7.567505 
17.356393 7.605518 
17.077634 7.618189 
16.558129 7.681543 
16.101977 7.732227 
15.861231 7.795581 
15.240358 7.808252 
14.847561 7.871606 
14.328055 7.922290 
14.000000 8.000000 
13.517120 8.036328 
13.000000 8.000000 
12.934260 8.365770 
12.972272 8.669871 
13.276373 8.720555 
13.669170 8.733225 
14.214018 8.758567 
14.733523 8.758567 
15.291042 8.783909 
15.823218 8.847263 
16.431420 8.847263 
16.824217 8.999314 
17.179001 9.138693 
17.546456 9.392111 
17.913912 9.670870 
18.205342 10.025654 
18.053291 10.456464 
18.408076 10.963299 
18.813544 11.166032 
18.902240 11.584171 
18.826214 12.027652 
18.585468 12.331753 
18.281367 12.445790 
17.875899 12.610512 
17.394406 12.711879 
16.976267 12.711879 
16.418749 12.623183 
15.962598 12.458461 
15.392409 12.319082 
15.000000 12.000000 
14.568802 11.761563 
14.239359 11.558829 
13.922588 11.216716 
13.504449 10.963299 
13.175006 10.760565 
12.832893 10.532489 
12.541463 10.342426 
12.376741 10.190375 
12.275374 10.621185 
12.326058 11.039324 
12.440096 11.546159 
12.326058 11.938956 
12.000000 12.000000 
11.755869 12.014981 
11.477110 11.938956 
11.249034 11.837589 
11.134996 11.558829 
11.185680 11.242058 
11.236363 10.963299 
11.236363 10.697210 
11.325059 10.380439 
11.413755 10.139692 
11.426426 9.860933 
10.906920 10.266401 
10.501453 10.507147 
10.083314 10.823919 
9.728529 11.204045 
9.424429 11.394108 
9.094986 11.584171 
8.537468 11.774234 
8.000000 12.000000 
7.498456 12.103677 
6.978951 12.167031 
6.358078 12.281069 
5.901927 12.420449 
5.483788 12.471132 
5.179687 12.395107 
5.000000 12.000000 
4.837574 11.685538 
4.812232 11.229387 
4.976953 10.798577 
5.268383 10.507147 
5.483788 10.114350 
5.749876 9.835591 
5.952610 9.430123 
6.193357 9.202048 
6.522799 8.859934 
6.839571 8.619188 
7.409760 8.492479 
7.903924 8.606517 
8.461442 8.619188 
8.993619 8.593846 
9.475112 8.568504 
9.905922 8.568504 
10.349402 8.581175 
10.729528 8.581175 
10.742199 8.302416 
10.729528 8.048998 
10.349402 7.871606 
9.918593 7.833594 
8.866910 7.833594 
8.347405 7.795581 
7.891253 7.858935 
7.435102 7.846264 
7.054976 7.820923 
6.712862 7.706885 
6.446774 7.554834 
6.231369 7.339430 
6.193357 6.857937 
6.193357 6.465140 
6.130002 6.186380 
6.269382 5.844267 
6.586154 5.502153 
6.776217 5.274078 
7.000000 5.000000 
6.940938 4.665876 
6.966280 4.311092 
7.000000 4.000000 
7.054976 3.576181 
7.232368 3.322764 
7.587152 3.677548 
8.000000 4.000000 
8.334734 3.816928 
8.727531 3.614194 
9.120328 3.728232 
9.335733 4.209725 
9.753871 4.564509 
10.146668 4.868610 
10.298719 5.324761 
10.336731 5.894950 
10.678845 6.249735 
10.970275 6.617190 
11.211021 6.249735 
11.299717 5.894950 
11.439097 5.641533 
11.553135 5.387991 
11.844565 5.400786 
12.174007 5.489483 
12.503450 5.806254 
12.528792 6.211722 
12.554134 6.693215 
13.000000 7.000000 
13.149664 6.794582 
13.377740 6.566507 
13.631158 6.313089 
13.783208 5.970976 
13.897246 5.616191 
14.049296 5.134698 
14.226688 4.767243 
14.505448 4.285750 
14.746194 3.930966 
15.075637 3.525498 
15.645826 3.702890 
16.203344 3.854940 
16.697508 3.842269 
17.014280 3.525498 
17.369064 3.234068 
17.660494 2.917296 
H 19
17.331052 4.615193 
17.635153 4.969977 
17.559127 5.324761 
17.255026 5.476812 
17.000000 6.000000 
16.874900 6.363773 
16.444091 6.389114 
16.051294 6.186380 
15.797876 5.996317 
15.544459 6.338431 
15.075637 6.401785 
14.872903 6.110355 
15.113649 5.704887 
15.291042 5.375445 
15.557130 5.160040 
15.835889 4.881281 
16.254028 4.665876 
16.710179 4.589851 
17.001609 4.589851 
H 18
15.861231 9.354098 
16.216015 9.556832 
16.393407 9.936958 
16.380736 10.405780 
16.152661 10.785906 
15.759864 11.153362 
15.557130 11.343425 
15.265700 11.305412 
15.126320 11.013982 
14.898245 10.773236 
14.796878 10.481805 
15.024953 10.190375 
15.000000 10.000000 
14.682840 9.835591 
14.758865 9.582174 
14.974270 9.341427 
15.278371 9.265402 
15.620484 9.303415 
H 14
7.916595 9.772237 
8.271379 9.886275 
8.208025 10.190375 
7.916595 10.494476 
7.701190 10.671869 
7.397089 10.963299 
7.181685 11.064666 
7.118330 10.684539 
7.118330 10.405780 
7.029634 10.177705 
7.016963 9.822920 
6.978951 9.607515 
7.295722 9.620186 
7.713861 9.746895 
H 15
9.094986 6.148368 
9.272378 6.566507 
9.000000 7.000000 
8.626164 7.250734 
8.132000 7.250734 
7.903924 7.162037 
7.941937 6.794582 
8.005291 6.427127 
8.233367 6.224393 
8.322063 5.844267 
8.410759 5.540166 
8.664176 5.274078 
9.000000 5.000000 
9.094986 5.540166 
9.044303 5.856938 