C 196
2.842140 4.736260 
3.194380 4.613742 
3.577249 4.675001 
4.000000 5.000000 
4.285906 5.010534 
4.550434 4.815618 
4.550434 4.439710 
4.536511 4.230872 
4.814962 4.286562 
5.176947 4.578935 
5.483243 4.815618 
5.678158 4.606780 
5.650313 4.328330 
5.636390 4.119492 
5.928763 4.133415 
6.221136 4.342253 
6.499587 4.620703 
6.708425 4.829541 
7.070410 4.801696 
7.321016 4.606780 
7.515931 4.384020 
7.529853 4.035957 
7.376706 3.576514 
7.246607 3.374515 
7.453260 3.271189 
7.625470 3.090368 
7.737406 2.900937 
7.892396 2.745948 
8.176543 2.634011 
8.279869 2.504853 
8.288479 2.280980 
8.236816 1.979612 
8.503742 1.893507 
8.908436 1.919339 
9.330351 2.065717 
9.735045 2.289591 
10.053634 2.642622 
10.225844 2.987042 
10.527212 3.210915 
10.785527 2.849274 
10.863022 2.479022 
10.871633 2.212096 
10.914685 1.850455 
11.112727 1.695465 
11.474368 1.695465 
11.836010 1.876286 
12.171820 2.082938 
12.455967 2.298201 
12.705671 2.556516 
12.972597 2.823442 
13.186871 3.084672 
13.370476 3.279752 
13.651621 3.463357 
14.000000 3.500000 
14.621284 3.262539 
14.896692 3.222375 
15.195050 3.274014 
15.625374 3.388767 
16.032747 3.331391 
16.262253 3.113360 
16.336843 2.728937 
16.302417 2.367465 
16.210614 2.011730 
16.095861 1.701897 
16.606512 1.644521 
17.197491 1.753536 
17.840108 1.851076 
18.402398 2.011730 
19.079441 2.212548 
19.665424 2.465416 
20.041937 2.806409 
20.361617 3.303690 
20.588946 3.765451 
20.745234 4.312460 
20.802066 4.724493 
20.525010 5.079694 
20.070353 5.363854 
19.885648 5.591183 
19.871440 5.875344 
20.063249 6.216336 
20.120081 6.450769 
20.098769 6.734930 
19.715152 6.749138 
19.303119 6.884114 
19.011854 7.196691 
18.841358 7.566099 
18.692173 7.999444 
18.660901 9.164183 
18.850332 9.598762 
19.307197 9.598762 
19.886635 9.431616 
20.209784 9.219898 
20.488360 9.487331 
20.510646 9.899624 
20.443788 10.345345 
19.942351 10.601635 
19.429771 10.813353 
18.984049 11.292504 
18.594042 11.860799 
18.360038 12.484810 
18.471469 12.997390 
18.894904 13.220251 
19.340626 13.220251 
20.000000 13.000000 
20.343500 13.075391 
20.220927 13.465398 
20.154068 13.821975 
20.000000 14.000000 
20.120639 14.145123 
20.521789 14.145123 
21.446661 14.156266 
22.170959 14.211982 
22.395292 14.431383 
22.176157 14.632987 
21.737888 14.694345 
21.141843 14.781998 
20.002343 14.843356 
19.195928 14.939775 
18.240502 14.904714 
17.416556 14.817060 
16.303353 14.676814 
15.558296 14.878418 
14.620400 14.904714 
14.497685 14.773233 
14.480154 14.597925 
14.427562 14.378791 
14.287316 14.317433 
14.068181 14.475210 
13.691270 14.711875 
13.200408 14.825825 
12.928682 14.799529 
12.709547 14.597925 
12.753374 14.185953 
13.060162 13.861633 
13.375716 13.581141 
13.542258 13.370772 
13.594851 13.081515 
13.524728 12.897442 
13.270532 12.836084 
12.876089 12.879911 
12.499178 12.906207 
11.973255 12.871146 
11.438567 12.836084 
11.061656 12.836084 
10.728571 12.599419 
10.439314 12.310161 
10.106229 11.968311 
9.860799 11.714115 
9.694257 11.503746 
9.291049 11.284612 
8.931669 11.161897 
8.545992 11.074243 
8.239204 11.065477 
7.888588 11.205723 
7.573035 11.161897 
7.362666 10.951527 
7.143531 10.714862 
7.000000 10.500000 
6.494893 10.425605 
5.500000 10.500000 
5.175092 10.639255 
4.926783 10.796518 
4.728136 10.813072 
4.661920 10.697194 
4.016315 10.937226 
3.829803 10.992507 
3.776283 10.862733 
3.817668 10.680640 
3.633044 10.677692 
3.432349 10.693433 
3.239525 10.823294 
2.826330 11.075146 
2.631947 11.133562 
2.255694 11.174715 
2.000000 11.000000 
1.885320 10.786704 
1.873562 9.328725 
2.000000 9.000000 
2.249815 8.734951 
2.614310 8.997933 
2.931773 8.299909 
3.008200 8.129420 
2.920015 7.935414 
2.643705 7.653225 
2.514368 7.429825 
2.561400 7.212303 
2.643705 7.000661 
2.677515 6.737807 
2.695388 6.481618 
2.689431 6.308839 
2.844336 6.177765 
3.000000 6.000000 
3.052862 5.772628 
3.058820 5.379406 
2.903915 5.129175 
2.790715 4.932564 
H 43
4.050606 6.167335 
4.319793 6.281222 
4.661453 6.519348 
4.961699 6.343342 
5.282652 5.991329 
5.603605 5.691082 
5.655372 5.991329 
5.676079 6.260515 
5.624312 6.467582 
5.510425 7.088781 
5.479365 7.440794 
5.762645 7.975310 
5.863494 8.109775 
6.118978 8.580404 
6.125702 8.842611 
6.145872 9.077925 
5.971067 9.252730 
5.742476 9.313240 
5.453375 9.319963 
5.251677 9.151881 
4.962577 8.795548 
4.686923 8.795548 
4.411269 9.003969 
4.249911 9.219114 
4.000000 9.500000 
3.786006 9.756975 
3.564138 9.925057 
3.154019 10.072968 
2.817855 10.106585 
2.696837 9.958673 
2.723730 9.716635 
3.000000 9.500000 
3.207805 9.313240 
3.543968 9.178774 
3.819622 9.010693 
3.987704 8.741762 
3.960810 8.378706 
3.812899 8.015649 
3.644817 7.766889 
3.564138 7.424002 
3.500000 7.000000 
3.638094 6.637380 
3.799452 6.375173 
H 41
6.804751 5.514595 
7.342613 5.521318 
7.382952 6.341556 
7.423292 6.892864 
7.544311 7.329876 
7.779625 7.598807 
8.075449 7.659316 
8.371272 7.578637 
8.566247 7.336600 
8.680542 6.993713 
8.747775 6.644103 
8.640203 6.381896 
8.525907 6.112965 
8.364549 5.891098 
8.290593 5.615444 
8.297316 4.795206 
8.317486 3.773269 
8.404889 3.383320 
8.624602 3.290654 
8.925863 3.393717 
9.147846 3.623627 
9.298477 4.051736 
9.433252 4.511557 
9.742441 5.978226 
9.726586 6.453903 
9.449108 7.246697 
9.250909 7.769941 
8.957575 8.166338 
8.838656 8.523096 
8.973431 8.848141 
9.028927 9.173187 
8.854512 9.458593 
8.608746 9.593368 
8.228204 9.569584 
7.839735 9.426881 
7.530545 9.109764 
7.260995 8.863997 
7.070725 8.420033 
6.935950 8.031563 
6.785319 7.532103 
6.729823 6.842372 
H 48
11.113976 4.035880 
11.922626 4.027952 
12.311095 4.099304 
12.858123 4.360926 
13.317944 4.741467 
13.571638 5.034801 
13.611278 5.518405 
13.500000 6.000000 
13.191097 6.390479 
12.794700 6.905795 
12.572717 7.207057 
12.279383 7.611382 
12.041545 8.063275 
11.867130 8.499312 
11.771995 8.982917 
11.906770 9.498233 
12.097041 10.021477 
12.366591 10.378234 
12.612357 10.798415 
13.135601 11.075893 
13.492358 11.377155 
13.547854 11.702201 
13.421007 11.884544 
13.214880 11.908327 
12.834339 11.884544 
12.319023 11.916255 
11.875058 11.844904 
11.518301 11.654633 
11.137759 11.440579 
10.781002 11.250308 
10.500000 11.000000 
10.321181 10.734992 
10.130911 10.417874 
10.305325 9.958053 
10.313253 9.640936 
10.297397 9.149403 
10.297397 8.832286 
10.321181 8.372465 
10.535236 7.841293 
10.860281 7.460751 
11.280462 7.135706 
11.597580 6.699669 
11.653076 6.334984 
11.668932 5.930659 
11.581724 5.470838 
11.296318 5.129936 
11.106048 4.844530 
10.971273 4.408493 
H 37
17.188162 4.184283 
17.720400 4.524009 
17.969532 5.214785 
18.173368 6.030127 
18.275285 6.834145 
18.229988 7.796702 
17.924235 8.691313 
17.652454 9.359441 
17.176838 9.812409 
16.825788 10.276701 
16.814464 11.012773 
16.882409 11.499714 
16.395469 11.986654 
15.829259 12.190490 
15.444236 12.111221 
15.115835 11.850764 
14.787433 11.522362 
14.764784 11.001449 
14.844054 10.423915 
15.195104 9.891678 
15.455560 9.517980 
15.682044 9.132957 
15.127159 9.280171 
14.583597 9.325468 
13.960766 9.280171 
13.598392 9.042363 
13.292639 8.691313 
13.111452 8.181724 
13.122776 7.774053 
13.383232 7.117250 
13.892821 6.754876 
14.447707 6.313232 
15.000000 6.000000 
15.546154 5.814967 
15.965149 5.407296 
16.327524 5.033598 
16.769167 4.456064 
H 24
15.070538 13.288937 
15.332795 13.180364 
15.611840 13.211369 
16.033508 13.260977 
16.318755 13.211369 
16.461378 13.062544 
16.721820 13.031539 
16.901649 13.062544 
17.062875 13.217570 
17.155891 13.416002 
17.385328 13.589630 
17.633409 13.786747 
17.420490 14.027590 
17.200590 14.107871 
16.959746 14.024099 
16.764280 13.996175 
16.436174 14.076457 
16.178505 14.157183 
15.800000 14.200000 
15.425802 14.137758 
15.192707 14.026067 
15.110152 13.856101 
15.000000 13.600000 
14.979036 13.438473