C 64
0.0000000000 0.0000000000
11.11111111 0.0000000000
16.66666667 9.62250449
22.22222222 0.0000000000
33.33333333 0.0000000000
38.88888889 9.62250449
33.33333333 19.24500897
44.44444444 19.24500897
50.00000000 28.86751346
55.55555556 19.24500897
66.66666667 19.24500897
61.11111111 9.62250449
66.66666667 0
77.77777778 0
83.33333333 9.62250449
88.88888889 0
100 0
100 11.11111111
90.37749551 16.66666667
100 22.22222222
100 33.33333333
90.37749551 38.88888889
80.75499103 33.33333333
80.75499103 44.44444444
71.13248654 50.00000000
80.75499103 55.55555556
80.75499103 66.66666667
90.37749551 61.11111111
100 66.66666667
100 77.77777778
90.37749551 83.33333333
100 88.88888889
100 100
88.88888889 100
83.33333333 90.37749551
77.77777778 100
66.66666667 100
61.11111111 90.37749551
66.66666667 80.75499103
55.55555556 80.75499103
50.00000000 71.13248654
44.44444444 80.75499103
33.33333333 80.75499103
38.88888889 90.37749551
33.33333333 100
22.22222222 100
16.66666667 90.37749551
11.11111111 100
0 100
0 88.88888889
9.62250449 83.33333333
0 77.77777778
0 66.66666667
9.62250449 61.11111111
19.24500897 66.66666667
19.24500897 55.55555556
28.86751346 50.00000000
19.24500897 44.44444444
19.24500897 33.33333333
9.62250449 38.88888889
0 33.33333333
0 22.22222222
9.62250449 16.66666667
0 11.11111111