100   0.401473411691498
0.326718453788497 1.544576076878
5.01546215262052 3.86091500942398
6.66112093045376 0.215271629625931
6.75847659800442 6.6755977361172
4.23362472322639 2.68080788244547
0.212187466196459 5.50398772320477
6.76698248093594 2.62282256604522
4.43075506938397 3.44960928243781
2.44601641637634 0.958363219416709
6.15738020355496 3.67761825604199
5.58991266663628 0.711010043921249
3.72529332595523 1.05034223967748
0.241045209519684 2.76280387878069
0.0685066163509188 0.915675626136363
1.38444834245888 0.711496541716091
1.94854962678762 3.28734112625213
3.59964617901278 2.30522216390384
6.14939313363895 1.00282175862568
0.681146472659715 0.914617186175013
6.71846894263747 0.716761990246596
1.42084058444721 2.99778474919676
4.33135250312359 1.43431425738654
6.1873477253539 7.14492012100527
0.790344535745989 4.55153535697567
1.75589862536753 1.18077672946263
4.20671853484289 5.17635284365971
6.76358519073396 3.27423590380931
6.18605139512361 6.4340794099262
0.209654823653954 3.42624413925781
4.2898145249251 2.08016762865475
0.196173722413016 4.81288804716314
5.00001113289046 3.17747069097963
0.803825449361703 3.8588727583396
3.59489245316405 4.80554575005574
2.17330227752056 2.7335149662585
4.76032457302015 4.9581730347605
2.07172291926399 3.97753193070107
4.8826641747819 2.48983283738756
2.37784536386404 1.56691874300857
0.841343646774042 2.50504464956659
6.08165346100583 0.321400249221862
1.55883638699618 2.34251621129538
6.74435121965209 1.31253620758071
6.6873477253539 7.24814796898863
4.32203212787863 5.760258047143
0.311911099706776 6.74723060813267
6.20247356167368 5.73164099040727
0.94888939530486 1.93353389635721
5.50114253449484 2.10078110830338
1.05381536862983 1.37154539257358
3.67513848811355 1.69165187115683
2.51897225704142 3.45363387628528
3.10986844829965 3.59442075773552
3.52955027704435 4.17006887078775
4.91583036335164 1.80950904775675
2.77909066842514 4.08265488070642
6.12661372509714 1.6903399670469
2.98293056962954 1.99937396748609
3.10116801750487 0.749541494135338
4.82203212740924 5.64012733934214
0.842907075449856 3.19080502399987
0.805771293236022 5.93926110106986
2.72805115298252 5.20466168277212
3.98733472957974 0.40127358562313
5.58095276885433 4.17103442679843
2.22805115298252 5.16958576190518
2.89296872720142 2.59675058668828
2.28591119399217 2.16555625079991
6.78371750569024 6.01666474443285
3.51544900291001 2.87279755316801
5.61601004463985 3.4598054899539
3.06050749306892 1.38466223845956
4.98893030711134 1.14353850978209
6.8139486179188 5.32266912350315
1.41663933595939 3.68928591671322
0.811911099825213 6.64531215812895
0.235940794208333 6.16963381416281
5.54506222572193 1.41934978160763
2.32655320706733 4.60562516828755
0.91849656456647 0.259004317521681
3.04419107701454 4.65158152529146
0.201937321650054 4.11561683357637
6.18456470062222 4.35270243995181
4.9568072376371 4.42294592374899
3.84436116154051 3.62972692064661
4.39161566666363 0.790070461942463
6.14690112516768 2.99912855375768
6.7816442009895 1.95899174211081
0.225843032961599 2.10981864819769
1.67338527689008 1.7732593168723
4.20455168430099 4.49245372308831
6.21628250572289 5.04672862602327
6.14926740826102 2.32684584268328
0.305871570162708 0.260045154456748
5.53600275487175 2.74592490560306
0.798062677821215 5.2409076592885
6.7830767757232 3.93654269326362
2.7768303084862 0.333730712763458
4.30492480686513 4.05618870688901
6.79683133688164 4.62063760415185
