200   0.280967122667201
3.15999559638453 3.57713570236945
0.579975957066312 0.478551135014912
0.635514803492697 0.0354456481664023
4.46909316641962 5.19299737375397
4.0418730379345 4.89306294921474
6.4537354970103 1.5071210964908
0.490227758224018 3.36543809848934
3.08757347072849 1.94977478207009
2.71984688676081 2.30118862445301
0.178396250528749 0.217065183653281
0.502210834566916 4.90314797384945
3.35698508473308 4.03584942020981
0.506012450493953 4.38640856037254
5.2298979112047 2.85929706992418
5.98128531298399 2.68421218754569
5.0001267064634 2.47390082662084
4.21622465364635 5.82058614995913
2.34314168219968 2.65464091490475
6.50622516056873 6.95879799980573
3.20691814665566 2.36368451843034
6.10577735252096 4.66642450844469
1.74763605118279 1.52046950806417
4.15372306216466 5.40598800869329
6.08642163592128 3.65686580398406
2.10309789436419 4.13146036622713
0.580887998742552 2.37452538288334
4.44459312986417 1.82768303312439
1.09377196538581 2.84176695167214
6.49080046164511 3.3779105679947
5.531323284949 2.50589562462432
0.108477353556188 5.18227412177841
6.89402123121901 5.68344619593699
4.89965199367464 2.00171235853299
5.99469828753545 1.71306839200594
2.77292676034205 3.43459884398417
6.08088398385965 0.772466039197534
5.59149360166079 1.38655067187967
0.886222171134393 5.71659127509338
1.55696958439451 2.87095459362623
4.83521536431725 4.91212212954997
1.70025733431832 0.986937297589635
0.886839056955822 6.23066172705148
6.43130391336235 2.89045347406058
0.984212704951724 2.53411346387995
2.24800357452477 5.36795190288103
0.107822783557967 6.22028195627098
4.34310201029279 3.82370614490731
3.55524533818243 4.83416520656115
6.06444710279483 0.252753350607411
5.63215011883695 0.991484891489114
0.556212495551456 2.85094881616726
4.82416135509438 4.4654093713312
4.35572858674846 4.23955156501456
5.1351520176649 1.20233445712802
4.32195894782094 1.36499882502004
4.07200718582171 2.18214840835883
0.134559477195311 1.18820196404704
6.87364759208867 0.250953255832428
0.993224009067466 0.688648668440933
2.13823751903719 4.63724332615684
0.113642172975109 4.66613327508164
0.48329589412162 3.87741919356865
4.75036477516776 1.50438457502852
0.120720200587959 0.68784112558933
6.49941124615927 4.89614715782461
6.11275269987309 6.7288737980416
5.29660375376925 0.760887136580365
5.91521923129844 2.2023367797873
6.36655537351663 1.98141543393914
4.79347153459465 3.61698357185092
5.65255458411503 3.47105182838002
4.11179450699516 0.257768267785044
4.81864502968615 4.04293690423547
6.90164515037399 1.25933803530643
6.83460965379165 2.6223125186807
2.07320527902895 3.63031113262472
3.16789386385004 0.711144802491229
0.112278974621269 4.15161652534152
6.49929686405211 3.87704577839427
1.41531857353133 1.89949860695731
4.47843652163949 0.628578214928598
4.81537767943128 3.13414073941575
2.62869222363877 4.76051694152127
6.459886940512 0.520531557906097
3.47704429684033 4.37645664519245
1.26730945426267 3.77943340649222
5.67682646769472 3.93088443033562
6.03930337748134 1.24879585209946
6.81455196312633 2.18410931058389
0.878207653830084 3.67713917356841
4.4007267483419 4.69023237430218
2.16791159031163 1.69926772424953
5.20553388186398 1.68000370760204
0.581617412909543 1.91567166296995
4.69516346972023 1.01521836225356
0.884398117468469 6.7439165590913
3.93194392839074 4.47172476414186
2.74237954789106 5.13934757129338
1.82090213544474 2.03186225087089
1.63447341323284 3.3846946926955
6.50727485556854 7.47303629242257
6.05424902780564 3.17202806210293
2.08467331222196 1.19414896601811
5.24252817694704 3.8126081059489
2.3660591729591 0.88216738094579
4.80802142852917 5.79484966924065
3.81918372511516 1.3115266911754
6.88657216538916 4.64607341599185
6.50309698399853 5.92883247723857
6.48788448872752 1.03467445884751
3.75796937106914 2.91863382949468
0.135882684867916 3.11592275075964
6.08996151786649 4.15344505859253
6.89289885396368 6.72026881357306
6.50228339595192 6.44331186900813
2.74800357452477 5.37574110060814
2.67693288296845 0.577900862830335
0.891218554957516 4.1662006689457
2.98236321692257 0.280412988265926
2.51662516310223 4.31878383071716
5.70302382876114 4.39685306725935
4.62695383999852 2.7452141016117
3.65093680545454 0.915246467816669
0.536142926400022 0.942129963355282
0.490577454300364 6.96079752100139
6.49182394485959 4.37929010595463
6.11002949177893 6.212997022114
3.63682859230392 3.64866027479953
3.68654318239669 2.47106363852045
0.493038745870145 6.44753373484633
3.46007198040645 1.61944500083927
5.22711352449612 3.35362531509897
1.98221870851342 3.12519562456168
3.95687383599177 0.577809010834051
2.21818365887782 5.05887735323631
1.31880980225185 0.983790807414807
4.17586393337518 0.98330505512034
1.05568908544187 0.242762955557874
6.87716452107186 3.10213677721913
0.0901663386767143 3.62795259972336
0.140178906161564 1.67835232778452
2.97434947586158 1.50393681562748
2.82572123087867 2.72183515546481
6.8941751658067 3.6151059436088
1.24831396445411 3.28728857788702
2.62242736290655 1.84055898519924
1.68299106173693 3.85662657550811
4.52925817419949 2.29125451234696
6.89362873600744 5.16318000372848
3.28866940493768 2.80024218263219
5.36832707192987 2.16572853499005
5.74189445235746 0.491260626343807
0.954898956400136 1.14913881247995
0.107265468247652 5.70114154077601
2.87764942426865 3.95802972292711
1.45895512831114 2.38639982490651
2.51373180351444 1.3619249777661
6.88604197989694 4.13220083688032
0.494844851708707 5.93454313338368
2.27422499517471 2.18285269535918
3.87985015687747 4.02765681384884
6.11341081427019 5.69740959054593
2.47559792455004 3.81074927620586
6.36861762713281 2.42665215664362
0.140184764830249 2.6265022596712
0.995470907834108 1.63292180398286
1.39621534982548 1.40207188440415
3.31603404218033 1.18191952423961
1.02203078299556 2.10887007094177
2.38347841754852 3.28322944935316
6.89347245679674 7.24001101707108
6.46722709445748 0.0224573466804781
0.892690294860108 4.6849223007157
5.27233302420977 4.27579989115812
0.160552328815463 2.15242898178333
0.106179337046342 6.73986835614778
6.83206317629305 1.74778238291037
4.01409367961525 3.53719018983551
0.887706356080571 5.20214094332187
0.891204316377131 3.18520578255819
6.11379289725409 5.18345633480291
2.83717550662212 1.03543507479698
5.6205955730481 1.87527276797907
6.11380239593564 7.24311208643485
6.88973980515522 6.20208748803203
4.15901833458152 2.64657802167203
0.495832182460015 5.41976817315002
1.90489372371274 2.5117363760656
3.97664922557341 1.72923140525107
3.59017158633763 2.02752631791303
6.50686032567453 5.41341393503815
4.38117578606264 3.35183245844901
4.52424608434235 5.73445192011336
0.555601630227335 1.43934100442387
6.86630742106392 0.749027458207362
1.45976245360676 0.570770268347175
3.13914982622057 4.79236516195436
4.83172646319052 5.36469612101791
5.61083614030663 2.99293251380608
2.99446739939492 4.39898582036243
