50   0.587919525714825
3.96173063061051 3.73104325679744
4.85514481776448 2.18650892542599
2.34107566792251 2.78538438294861
3.51251290760286 4.6260377815875
5.81036188884452 0.614301155542847
4.0340710909479 0.58693134863622
2.45365968263074 4.52943621776649
6.59563083934019 2.02486593721568
5.71231007744881 1.54288969993296
5.86803309697053 3.3404831885161
1.22489931396558 0.487668109679362
1.97760663449435 3.56798853837963
2.08752031246072 1.22075084655548
0.5 6.6907278081344
2.53213799541039 1.9003741574453
1.20920157113875 3.0076772745148
4.93452368491617 3.37885992119963
6.49999986797324 4.77779978898402
0.448263093276182 0.380406733677135
2.50661997275957 5.20169553364394
6.68027092218307 3.97514899872476
3.21475605726963 1.34400031179401
7 6.29353607384837
4.832302635021 1.16963848367242
5.72481455316497 2.56593847764523
6.4891854205779 0.291063271899475
3.33091530151289 2.47278129391313
0.390351399279524 3.0283832034329
1.49185144726067 2.15666436236017
4.5 5.69072773237713
0.227534452778467 1.30291786373709
3.96189043240539 1.65058551734664
2.95511279848915 3.7420076127251
4.17303747736852 2.73255389028488
0.990925024522364 3.99922307033511
4.60023965383497 4.33181815565297
4.5 5.07218320752286
5.61488885312145 4.12319884769686
1 5.79353615985019
0.18048695507048 4.02754332538461
2.84494994925101 0.567105478296878
1.09107113308507 1.33868048973766
6.50000013202675 5.39634420719813
0 5.79353617255928
0.455373882172594 2.21688749117311
6.71652770836887 2.96670440520393
6.5 7.19072769305785
6 6.29353586040088
0.5 4.8963445778063
6.70402317068695 1.09010988703812
