100   8.43038094404571
22.6524737527817 123.808816255996
73.5794083909423 55.3489984477831
17.0841835263223 68.5538770667679
83.2524262393126 144.9461333515
145.933285246908 41.5585976275615
119.41608529766 27.2947611367088
68.8513837601349 146.465069126443
13.1040880491689 83.1159273220122
127.250814112142 143.583841830295
144.070417336159 5.99260980662075
52.5201391657187 73.7328713320466
6.0284351389144 20.2271374387341
145.417948404479 115.413935805827
37.8784379572899 123.421054461579
4.43909484619508 7.16699068734306
86.5647605023184 72.3174840572736
1.83746652202118 134.08984407931
146.26684921591 86.0496896082092
109.352824452262 51.8152693557398
132.890106614854 108.341304655228
133.542495006368 64.3316747461553
109.724397290417 66.0351330232467
53.0270347235615 123.957883869143
133.987997665714 48.8378627047471
85.0697143961697 56.8065099838732
31.9056725293111 135.51688083741
145.489527600719 56.0655405400903
14.4390948461951 6.33621751868251
29.516877805342 26.8967486152607
133.996078908975 93.5838505308235
134.29743584688 78.4274798297784
66.4705544132662 79.7276173980224
97.2008125771674 62.2096146189748
53.6821684423947 146.180985418725
63.8234544833273 108.593500255816
26.3603077961394 41.7466144869315
18.891158478549 55.1165791509858
16.2608115735748 133.867569979657
134.0704113582 7.38261314742041
24.2190074648284 92.0778197287143
99.4540750458874 77.2656849870491
146.460916531735 70.8393763771746
116.917622432049 143.114807945734
73.3632335940282 97.6119812856868
93.6665140887634 112.348930549713
120.218811970571 115.596305142881
38.0278182358015 147.801261493755
119.810369907753 129.321437951887
61.7323494585858 64.9695224555329
7.144417105454 121.386809777265
59.2580096176044 53.185687288977
84.1145032230982 123.085877417324
22.4490249678998 146.035798087742
4.85907419340894 49.2299749204249
16.4286461969812 30.6774476439245
63.5881052440554 92.1456604134637
3.20615538378315 76.499090391153
46.8698643645921 135.666000900963
27.9842385549294 103.258575496127
145.759029361955 129.776363513249
62.6643021477397 134.321033856389
143.354079261312 28.9871249588614
78.5836882144587 85.1440133127176
39.8969885210808 36.0763758435078
132.237505949261 34.6021097901877
134.164674902184 136.054835380195
12.4094410376214 98.7853213673817
13.9394240153803 42.7706309661662
5.61143302176599 62.4106620003108
122.029768189029 85.7017279338334
27.0880063019446 77.8150253160859
143.985663889313 17.8927642794733
34.0760114646504 51.1441212831107
2.30110896920984 34.2305472689332
68.6446056897123 122.059391620968
47.2086914449124 46.4694145294247
77.622951858187 134.180943361827
105.563594759933 133.638218648886
53.4295179189196 100.120616487594
46.2975130157458 60.6603716741967
85.9386917906748 99.7732911218109
120.923642954871 72.4243578842065
108.3758488919 36.8330802034345
120.959924231961 42.4256173262856
129.224392054928 20.8094244238217
1.63143385941724 92.5670238073508
2.54607714324053 108.874758402623
145.896926389428 100.972970200528
7.50441764658899 146.158771692571
91.2270540315358 87.1201069338352
97.5874561131591 47.5348473199751
75.4432971087318 69.3061980442829
17.9224242621379 111.531674589821
122.242259327499 57.2168299525285
78.3911717266125 111.028858834905
20.2735744837087 16.7967914075064
41.0559005429095 73.9062423262691
98.484121883428 124.548844024556
31.3264556925821 63.493332457521
132.75166192511 122.99210572323
