200   5.86117662276449
130.122112696778 107.93155616911
92.0702839954849 51.3607341391007
0.638355435862298 136.882594189636
74.1553781362327 70.6209940522071
20.0945706915816 48.2310321961832
140.558934206627 134.67232731068
78.1606893508008 130.251807812108
147.472398488898 107.641668069235
127.67597289268 38.441843319214
19.8328599390682 88.7437463342427
66.2396184270577 112.878268978056
129.381289327534 65.7352355335058
88.3312661951992 97.765454462228
106.999401181246 39.3349395901401
138.911127003478 123.905497536493
103.894048275883 73.3238742487043
146.676786219728 117.757832004747
123.831012081863 114.401022014638
23.9682148525026 147.339315833085
53.6200849056221 67.461927841345
83.6254821798103 106.354729357509
50.8574390653833 100.20927756914
149.113452577246 10.2493136856938
98.2766593510393 80.9151961552064
2.89151106286846 87.1860194018809
43.2584296000331 69.3264607043042
29.2952534672494 101.344578246546
136.838815022581 41.7805001814932
46.1689151211813 40.484614681156
39.0046272176234 33.8386441470673
5.41102756079635 2.25259231543197
36.299261526299 43.7370038645489
137.00900380524 32.4601018273602
64.7605561383296 102.932790637073
34.3202408596597 147.16433353333
57.9171278876653 76.5317944878325
126.818152949749 19.8516281794906
28.7377967453796 43.713288854386
31.4796019644567 122.440742761253
118.338767665463 24.1881121673169
27.3324754094366 92.9543107964243
128.153019869552 55.8257095714993
97.8315347742321 117.194604242628
147.560587776872 97.0240955176996
24.6241288428101 20.3154390725591
35.5197888368009 131.619552176816
45.0900729574684 49.717783224215
4.6872000366595 19.7309353070159
110.218063661197 57.6755587345134
139.288230216215 102.878032156996
3.26811465869848 57.1855410348508
82.2073881191345 137.218294028932
11.9239917967453 31.458757913957
84.7102278038808 69.8482377140123
70.8000526905639 61.4367184376595
98.4313963502618 132.351240658576
19.0775340648135 13.080515903375
56.9828052754351 131.323456072291
13.9623595107114 146.612880742669
116.104330636301 130.847786192811
91.1686869303969 61.2615555366344
61.729421257179 138.874506010666
146.024132435136 20.3495445627777
10.3025613493894 11.7521474198626
80.60762070135 62.019368775527
79.0494359334199 78.5794765150556
124.622432790819 89.2790675289644
11.3566414908964 82.0597676155654
27.7711866497725 63.9837121464622
11.7014917540412 119.822533278847
139.992707174987 11.7480262584874
87.3733515536829 114.788781622889
147.016166159316 65.1958982785
132.203713214403 86.5702825554891
107.738243748612 134.508215977638
78.6546052251302 96.7748469520006
10.0112299048988 137.14102262346
112.309041789756 32.6755374410657
121.283068536257 33.0262949649505
83.8240666846323 88.155105315831
12.5286418104571 62.0836824957936
127.266665971294 46.1942905989493
146.361811004914 46.3716401950223
34.2298006603421 69.8328434958035
20.9430927754766 68.2542670929779
146.357700667012 55.5590236185354
100.312646515095 54.8643817533401
73.7138643733342 53.095724027678
68.9749732708229 95.8537703377026
53.902454242466 56.2484179426158
88.6740553899684 79.40160629857
83.066323366659 53.8997666092436
32.5828368995763 25.9549967543962
139.984808576519 91.9487796604352
11.8826024408048 92.2647730265546
147.650802460551 127.955628936653
7.35631520729845 112.156246178853
15.0695071161835 128.903850837223
124.441646776236 125.647101003801
94.002734836822 71.0618107531781
63.6307301510863 88.2181648702906
137.302095006363 22.1847519146024
108.565998507809 48.2906642650907
51.4541927725659 122.974450826945
1.79030925501676 107.774713895284
2.61679775213343 76.8431365070574
44.9687097802816 148.026415532027
134.578712951736 3.65906756860204
29.6858257468405 53.3327925481991
136.859755203414 50.8346986490702
145.700701852898 28.6396800686489
24.9869588745333 129.448936330959
66.1532483911142 147.34816668593
20.9538172401204 120.255805863816
28.87036821121 75.1398976929714
19.249706568661 99.676371462243
37.7839601948217 78.3962496740347
112.960432000399 139.908696050352
63.6435457249391 52.9001437201489
21.9177547760571 28.8475877656417
38.0057210846926 52.6573551449764
48.3068288958954 76.7617077644485
10.7815777144981 102.935452256815
19.9995709847928 38.1910919310871
119.860438537431 61.2868224915449
0.30256135192051 10.3585467438097
67.7431318191655 130.30782788748
133.737433957651 139.719981079936
76.0789032949251 146.49632906625
46.3349512852844 131.241156479035
92.8594946854146 107.838253223341
76.6725695030049 113.996889271634
58.1135559491166 106.928978650886
46.4222310838901 60.2078712661241
131.559075074817 119.090202956638
11.3245877737535 41.8644366485119
68.4608388378123 79.296331067467
24.1032945185868 109.227755723719
123.456228967107 80.4690554135081
93.4207972475117 123.994524108277
138.744626692958 70.5939405278831
3.13122827164961 97.2389834528912
50.981802066842 139.557362534723
104.478649601096 125.40155956471
16.9049595259866 110.603867666426
73.9597183076304 105.416828109548
19.8332431657716 138.145729629117
4.93536856103056 127.894713199666
128.866254698862 28.5210053441307
123.576358478333 136.594228072389
3.40067036184428 66.8247780260695
128.65739969063 146.33350887225
117.230830760918 42.3562034771186
130.592251272293 75.8257941308932
137.650893251204 60.5532688086401
40.5540092378598 139.525610630113
54.6885945615763 47.0014935508077
99.837855106357 44.5512377747428
13.9660688550134 22.0615589560491
19.9227436623516 78.5211016752121
61.7002602491798 122.71254631221
64.3242396753453 69.9965512373521
11.877580635887 72.1810501583844
131.768090036735 97.4734137852166
15.4110275607964 3.64619299297919
36.4569609193554 61.0526929282441
147.686516727515 86.3094066428603
131.79242523806 130.453615945096
2.56104457830665 47.0480256121082
61.0551558416981 61.3425545888761
138.329870472728 113.08096175541
41.6061251174251 123.366792776963
115.942185558218 75.9475151022753
29.7584355252663 138.679826004851
147.587633789016 75.5824209103303
30.1406780383837 34.6459382880578
20.6812900210515 57.6527334437386
131.68368251338 12.9322780830546
85.3887962500739 146.381963211196
4.58948505937587 146.354452317551
120.046957918971 145.751400259984
1.41146632925581 119.044456187316
3.99998407977302 27.5340624426899
72.1110103749702 138.765441381267
146.338162062133 37.1998222132097
100.959520939439 63.6313208420878
83.1930201262741 122.394765094706
72.4879876118896 121.748705336059
118.556861067746 51.5728910018973
3.0925476826772 36.7970726565691
139.433300044769 81.0336123617952
110.97085877406 66.3379800683025
117.298326236765 122.787283796952
121.321258899297 70.073161540957
57.7052094643344 95.4998292393995
74.1229361592472 87.1940985257382
55.706950664433 147.333173488499
93.4242165918422 89.0068358273917
11.4939331277943 51.9474911288399
144.578712953778 2.22778691709391
