50   12.2215524506693
23.0266024744915 120
7.27852502077306 83.5440737609752
127.274767146781 142.274988717892
28.5002251686617 78.4394137395573
89.4295077480644 103.42803983336
142.572272498016 23.7575759149913
96.1582358718347 124.158066183942
76.9836032955807 121.67499225319
6.43110222766054 124.111911955057
132.150252564871 44.7006107438146
139.999971482585 7.02607741436805
62.9538655002436 120
9.45194277429255 142.252283161273
62.6884535987333 139.933365750812
112.359943144758 37.859371859267
79.8093823999516 143.253322938
69.7234600940781 78.1234290734335
2.45511122400226 45.9521480091789
10 7.02611872262787
145.553005626126 84.8668572737661
57.1239080063533 98.4581852953549
7.07743562583172 24.015984172438
23.3389754320608 23.4768882981504
112.899205822386 135.183576542726
73.0489039669643 98.8620240900352
82.0572188400547 60.6187022860992
142.612334762786 128.829439964777
17.9655110788386 44.834386670669
120.088786917468 59.4599720584354
9.32431934899058 65.8254138027543
140.725828936317 65.5234179847812
100.174337154814 51.9403490550135
48.4606294384066 51.1312328396069
126.15439109992 119.06629971891
25.1437569816716 139.491415822283
147.961719647283 45.5133806975791
43.5624746351197 128.957590250225
124.058446221345 77.0758578933635
49.1342842724116 71.2305767331408
6.7646645906639 103.540571259888
67.8169058857187 59.0716365220796
36.7732952894247 37.5520913294796
43.5708855178091 149.085063136742
132.097389546858 97.1944813466147
145.650583117045 107.672066085855
126.206448721745 23.3953543397243
22.9491257383426 97.964769172079
29.7331245492327 59.8530160489533
101.958984167928 71.9385513826231
88.5431897549339 82.1450826338805
