100   11.2164685093593
-52.5240859109999 75.2956686334225
-62.0138119748412 62.0765353856037
-53.3830720949715 -25.2408227810815
33.8061356023075 29.4667170234964
19.6208913146026 -53.3349821561303
-9.48878389953616 -8.96433483540486
-39.7366792082861 78.7492588666579
-25.632982667908 -87.1107347119644
-22.9355096377572 48.7107181299445
8.63729016285618 89.2324444004809
84.9799248669228 33.0692543638189
9.26708925187996 -15.1287783543101
-84.1282926443648 20.1458367632133
-8.28285661845014 77.0011032073405
14.4230001991053 34.7842328098357
-36.7828294677549 38.7217969004867
-76.5171435178097 0.896369383042018
-36.5307727304949 -32.4248964411957
-3.92105980781888 41.297521276141
-22.023650521057 -19.8109687841768
75.7841645646174 -16.951166588434
-46.4098268986738 -61.2184988411639
-80.1301059195438 -49.250942167026
81.3708635252337 51.2748772540575
41.5144031120267 80.5907009780848
-94.8274521150976 4.94527281588304
-66.7531917181223 -37.8892619384451
53.72451261671 -69.3976780223518
-39.6375814936979 -12.662768767355
-40.1525936892975 -80.2565094119913
-68.9633541723166 32.2505991737112
-7.31157748932388 95.1967410357247
34.3572847654313 -41.5008032589476
-89.7571755211904 -13.7132652644516
-27.8701334479626 -0.0460407266439207
58.8038871881759 -13.550156021419
15.6744614075509 -34.3949609197521
-17.2626925640139 -38.1102517926115
63.7132736203697 58.0879241572446
-6.8230031727666 59.4253748045903
-51.4103973371562 -45.2989391009718
-25.6595968276021 67.0076178564054
87.6629689803677 15.7959957707314
24.7231666991219 85.2321829319616
73.3303933025253 -48.7422088736443
55.1774860438759 5.77175777187873
50.9843406070428 24.355573343235
23.3621351720851 -72.7279200171064
-12.6583479400576 -56.7713480136603
-18.2827115851714 29.9044283337634
5.55433953668841 -66.6659163724205
-87.9284146783209 36.895556139995
27.2672795742081 66.0591524524705
49.0684751773579 43.5380812888471
41.2888511900383 -9.03614116719548
-55.4374849621884 44.8288265924892
63.7902768128679 -33.2591375801189
46.2870271152719 -28.7354950037192
-13.4448450333335 10.4088745901309
0.178940460202818 22.0391960682905
-66.9065548524558 -58.3704999713109
69.2765212291829 20.5221494672306
-50.2275760864849 25.6643562772501
-71.3734406206652 -18.062186457697
22.5337323402473 -2.907515144194
30.1819100538716 47.0906011968153
9.04075958385417 -86.1550786362806
-74.7040203802997 50.8874320722277
52.5550236919865 -48.6105694638963
37.0329848666609 9.76907189299244
28.1480924678103 -22.0506518248316
-27.2898220731676 -68.6065431728073
-41.7532304509069 57.8305904849963
93.9502147622506 -18.8384473109915
-84.8622752766022 -29.4012457422831
-7.57649313961156 -94.7370621119416
59.0932724704738 76.1203231147329
66.1458013217798 38.6748752669639
-9.04465884275657 -76.126959840676
82.0906814923958 -35.3902626667192
-57.6257243003813 -5.49888988866804
-65.2082699020277 13.7639183064466
44.9235856500134 61.389442521148
40.9825747479252 -80.6849123328977
-46.2630806364758 7.07974681514459
72.3064175009647 2.17599511346553
19.3582095702575 16.6452114430207
-31.9233456468371 19.2446714603671
68.0516072906764 -61.9967936751538
4.76464616520208 3.75945785682741
9.77717147200349 71.1878777583996
1.64349284146843 -47.1827644134867
12.0066616690727 53.3884676127853
-25.528974998955 85.8158209048576
-59.2575644514074 -73.1157333132539
-3.09591901057329 -28.2442896670152
-31.7308965792796 -49.9972938666406
25.0128711975617 -92.0198004239957
37.8653464581076 -60.8179154289358
89.5288104830507 -1.26122818320036
