30   21.1593228046756
-94.0662239590526 -1.20061172966265
37.4896612526772 84.8308673891163
-60.0556146793903 -57.9897382890909
19.8548207810569 -55.4100379091561
77.4950615093104 33.1167199818944
-19.4946234681026 55.1858710529576
77.1049726717019 -33.1476367363393
59.8415460818634 0.292649226155638
-77.1046257005002 -33.1484088135606
-77.4950721683446 33.1158428872278
0.000267271885961762 -26.9356532946726
-59.8412562703227 0.291886628103626
-34.6796077859722 -83.762426104018
94.0663401192772 -1.19985819803153
59.3589322415146 58.478814736581
5.98204668751379e-05 25.7993927233697
40.3705255438754 -29.0713814092336
20.5011576354488 -0.59696562285199
0.000421382952482798 -83.8845474265756
39.9952452242107 28.7899380278348
19.493964437171 55.1862774527216
-19.8544172079904 -55.4101628525152
-0.00053033122079249 84.5727555842653
-39.9952409539868 28.7893381198574
-59.3597579716771 58.4777235577495
-40.369999281097 -29.0717008936003
-37.4906500449681 84.8299771054727
60.0560269714742 -57.9892725371026
-20.5007607327021 -0.597168710701463
34.680297488796 -83.7622087621301
