40   18.1104899511629
-76.8974891343148 -33.0771875728236
-45.2689979750994 -42.1693720305768
62.8081543286143 50.9522045914777
17.2921632405694 -56.8245236089529
48.6434061582233 20.9713512164058
-12.4483097064351 31.2794909978951
66.3052690623674 -57.4764759014236
-63.8594555407002 14.8775164875217
-23.454793021862 -84.4545548896554
79.9600612455917 11.1038751126157
51.7191247205667 76.9122519986578
29.1358911880074 -4.91842552669438
-41.5247976483764 -69.4003876123117
-13.8616731999715 -51.1233234886495
-33.5604107975426 88.494286202225
-1.64699604643888 85.0227471204768
0.352392588596558 -80.7272292341453
-21.714105375843 -21.9255693194207
-84.3972497806195 -10.439455939176
27.3062627194245 -90.1053582668003
80.2712778425056 35.2078938983191
-92.3607623245363 20.6645463118985
9.00106709305251 -28.1409782502218
-53.1999591617131 -13.1935860031928
-74.3047561840784 44.8255821947509
39.991549204047 -34.6708392461583
5.51418095019668 54.534817684697
21.8322554632081 80.8085099099361
44.6412359107101 -67.1769781102753
-23.7880957483155 61.0950443375285
-32.7272987910993 7.88893796079231
-54.9190868450576 67.1832692817728
-43.3804302770572 37.6012541134548
18.6256977657088 24.6040966959339
93.0684241526753 -14.2376097035424
-1.85614259106465 1.60964557164017
-68.7882207884513 -62.1121438764094
58.7031857673661 -9.06234003612733
72.8324375966171 -34.6618451825653
35.3252186975776 50.7904897563367
