50   16.0756001479037
-37.6801585035053 -9.17915037742908
0.321648669431532 86.8060560302424
22.612995578699 82.8135211591143
11.7784106753419 -58.3550456367292
49.7730800034004 78.6822879808799
-50.8255328722904 -78.9905826433448
48.9083665675158 35.5692083321352
66.4476980601114 -56.4869072185816
-80.8773305348542 -35.2992447800596
-13.295754346031 -5.91340645771276
-56.1569026652566 30.9631864418155
78.7867548692095 36.4818916657159
22.9670308728255 -83.5381852702531
-9.19211349095829 38.8296026540386
58.4782761745327 15.0219352148759
-27.4452899528914 89.9600855303514
-47.2329248626478 71.7004989835547
-23.9220548915575 -33.4819048880278
78.2986775161168 -36.1163204351778
-82.3596945077927 38.0196025273366
30.4065416948559 14.2728146877423
19.1548394803137 36.5264693288771
-54.9005858030901 8.4619860747586
7.31228359177405 61.1337500439937
-23.2862612228153 -84.1221321615
37.5807677348072 -57.651683203992
-28.0876414603051 18.7402668177317
0.944520026154169 14.4997550001088
-36.7329535968965 45.0586514809243
-12.0416889032928 -59.8728105413247
-0.369097880506843 -32.2991654641024
-51.4592373041953 -33.6218966911138
52.1833480642634 -33.9516944688208
40.5548578105965 -8.72285521315317
-66.6698206182374 -56.0475197605559
0.175707492860969 -85.9336140791981
66.0268289808329 56.1355654459994
24.8702410142768 -32.3557344005295
-82.3195619695878 14.276739451249
85.1522712659896 14.5076090527521
12.7538322717389 -7.86548046940779
67.5459412842042 -9.74972894694361
92.3924456368821 -12.4350051710576
50.424532119293 -79.8399827019849
-92.3164373056349 -9.66593925154073
-19.6710694215705 65.2776195359189
-66.4817349827982 -11.9638849281908
-38.0930089891715 -57.9178933333943
-64.5464918289503 57.5656324887079
35.9365506378407 58.1018305366515
