60   14.6315666459564
-64.9678393444579 -2.988310266999
-88.0941214842049 30.6772079479415
93.4145001630907 -9.79848786023883
27.2551174257963 83.3603568301834
70.0137766114142 -0.714496077433304
55.5119709248424 48.6706083687169
-51.2015533369225 39.5328086499532
62.0539849931454 -63.4709678803336
8.41977493834853 66.048484714518
-70.499113091301 -63.4299393101016
37.7678391860533 32.4409568782899
-68.114871672511 21.3534780144024
-20.492815685567 91.8700371572624
-88.5008766149173 4.1048422907427
45.2286586620637 7.72916078629239
-4.21783250328735 -87.9753225367958
20.4542568331436 15.771543360639
4.51479562613521 89.0786790458091
-9.63219114532855 48.05404187699
-15.8496488041868 -16.8710258224064
47.8283188506176 74.8907078953163
32.204359690101 -31.999902005014
62.5953931055889 24.0394205453002
71.2416631020602 62.7459504614073
-79.2361888434946 -38.848331899312
-8.43961023201405 -65.1655658712102
-40.7845242710232 -9.79872153872413
-12.291170511743 -41.6181796655207
-44.5147053894471 14.0199796912145
57.4806135245015 -39.517316564264
16.4657339271016 -70.7746683839127
-26.1026145942188 -84.9222383373019
-43.2744510017296 77.6878867909693
-58.3358410148694 65.2631074902922
-53.9911576596334 -49.0345779727248
-30.1374345243487 -58.8175233870683
-27.405652923353 31.3822667891956
7.49091387165309 -24.0281535410145
87.3029598453768 16.1019426392254
32.1429876278905 58.3447122713873
79.7251328904961 -25.1416779381669
-2.91879537109844 23.1836243231009
-46.5674779761216 -74.8405348944512
4.90702942993543 -1.2509674151576
-16.322326922451 72.1836678574224
-34.4903297041928 55.8885297020496
12.0294922457092 -47.889733090926
-20.1356573607912 6.39252924951373
-73.3175186987393 47.9738150997952
-87.0364881188265 -16.8086339196492
37.3585384627891 -55.2146828014225
54.3957684762142 -17.2653374128944
80.4626817993425 37.7923897508158
-61.0850107313708 -24.7616298110846
29.6634333325782 -9.18058135615556
22.0739671854836 -91.7768108924907
80.989520219072 -49.0839543336722
42.5903697437716 -77.1303541849204
-35.9173562514296 -33.3256078599113
14.5259775452361 41.3340462430211
