70   13.5197093704868
0.815163868406159 24.3863567237891
76.8972765097351 51.2365594561564
-88.7653279242231 1.9754416946267
41.2449503734044 -51.7257462169549
-19.1055387576971 15.4640559400683
-17.3267606885295 39.8003584936283
2.70727037820263 48.6572883379762
8.27602964284385 -22.7815977967539
75.5061253277741 -46.1066780961569
-60.669163871919 27.4517444414489
-58.9679885422822 -32.900372278339
-70.5329000512917 61.01189357308
-42.8176441423382 10.915051353823
68.3794805772552 -21.6511568482736
19.3432233232405 13.9179835161466
-68.2624713464914 -57.4113325101023
4.56524419762614 71.6152958141922
-15.7128163154502 85.9692504751852
-23.7844603856174 -43.2653973471068
88.433489061392 -7.00743672789335
-66.310115968425 6.65415726768591
45.6133256699273 -14.4330386621501
42.4029584647735 6.50792902609489
59.2558492551801 41.1462421956965
65.6512667814548 -0.487962345549359
-34.7767635876972 80.1606785312779
-0.722242015487094 0.147041214824397
44.6729256347523 76.3227729027417
82.5089952402363 32.2440745381385
-3.47886226545369 -44.3175350753308
54.2899112520685 -37.581217438123
58.4868488921636 66.427636810296
25.7346453276692 -67.193674737083
9.23832408781163 -87.5303757369037
88.1693702923878 -26.142917845917
-35.9178615590634 55.8138537384934
-37.0281540883997 31.7596237681299
24.0619791418862 61.591375445807
30.6688711814897 -87.8860942813329
20.9941175122096 38.0908706104867
-24.8091337792711 -5.07771815598994
-47.3046913214585 -49.2040612651777
26.0637706218635 84.4425947440185
4.18899765610547 -66.9500754472586
-53.9601274055421 -73.7597728165709
-48.5076934502888 -10.0506205210879
22.3358048863023 -7.2521854917996
62.6337097642901 19.8434086894305
40.6658526476976 52.0678780360249
-16.1834199482953 -66.0487732702574
17.2122570057326 -45.5581849026152
4.09478867201012 92.8464175871035
-36.1158385989611 -26.9540735729604
-16.6441749518795 63.5289794451133
-71.1537553293047 -15.2849102635551
39.5247761789932 27.6121001192159
-32.4948272305385 -86.6292251128113
64.8927734451598 -60.0319844060697
-79.7699123941103 39.3207795890105
-12.2800190603996 -21.4009014239049
-90.0645135503553 -18.7392905356261
-34.3802576483246 -64.7902777826231
-79.5935211491983 -39.8669213526508
-12.0205859612906 -87.6600864769915
86.2174080874283 12.8658964381607
-84.4602515803951 22.5767325353373
49.672121209559 -73.482489291625
-50.3755217989833 73.1911732149992
31.454188086108 -29.946208593176
-55.5480735428578 48.0142832276099
