80   12.6037359368221
-71.6381248745897 47.7260368443013
0.325987964315976 -69.1852017834234
12.1554192664972 46.3467276675645
-71.9146697389785 -54.2157696913753
-50.9267866402891 43.7218003642505
-54.101688374289 -12.5306795834751
-62.6231235133778 61.5983440966286
42.8462918295954 -66.674717014815
53.9951103666975 77.8865800579703
19.1678878300286 -29.8313582452766
61.6103593952875 7.34642801544484
56.573329210139 42.2110372641484
-52.0566209619015 81.0112197321633
51.8650083910022 -80.7088721860118
66.8137930839808 59.1384081964209
-61.9013904466568 -33.9223125160134
-39.427282391114 25.6560929247582
-28.9678937600285 45.0768760327394
-23.6603885515473 -32.0309810561666
1.12891411051247 91.1542062253897
72.6325636128437 -10.3715022890145
22.656095457517 63.9880598433902
-62.0079071391532 -71.4059672211122
-4.76815260509218 7.42077352904374
90.7165119398045 26.7353466952915
9.48489539365245 -49.2225338626485
-20.7426877793008 -70.3750350137738
-14.7092323837054 -11.986184484934
-47.2021854513488 8.19906978253321
-61.8543726627245 26.3675441461543
-81.550541482957 -36.2036840783134
20.9681187804428 -67.871698174793
28.810842082284 -85.6215760824799
11.5590119188128 -88.3135057095734
-83.7910369871045 19.7327468497469
75.5281316323639 -47.204907063778
-30.7416062513862 -89.6611293072785
79.1919865071101 42.8891858776336
-11.6392905117417 -50.3364635642423
-9.14347264214302 -89.248788491911
-93.279250153232 -16.7563964065139
40.832285388143 -29.0797626456601
3.45061258500709 26.6023535720534
-40.5704037731309 63.1322644614389
69.017731754909 24.4329260927133
62.7947919152405 -29.03988430699
-83.3880248248057 36.850112126733
-32.2816076649468 -52.9892597574599
33.6119677918872 81.487415016829
65.9142404332438 -61.7798490530152
-73.8077650655108 -14.7546122041363
16.8664261065629 84.4149849141499
23.950131604549 26.4224023780149
44.0875393123315 61.0053146151912
-30.0091473641093 82.5510813562025
-88.0881569851831 3.28383600733138
7.06424881975269 -10.9952356268003
84.9804261166335 -28.7628824000777
33.8754001187851 44.0030466389743
84.6225448549641 7.38728043988161
53.027263136429 -47.2745562499963
-17.4206317394488 27.1116002415089
50.6219445001458 -10.3255527349668
17.0132562698915 8.39557835956264
-50.8993437489462 -52.6260187782644
-18.6055408036365 64.4934761309865
-25.6279909598374 7.91931777086656
31.1388262212258 -48.4544842997902
-13.6458428608067 84.9963270029876
38.9629965391619 8.21281757976569
-41.8783387330145 -73.904232680455
46.408004024131 25.2147070958771
-2.35382515300595 -30.3639357917775
28.5966999009986 -10.4786363474193
-6.96370447126569 46.5207881142043
-33.9843554507072 -10.8076122160567
1.7142246822255 67.2143002883208
94.3292221000783 -9.28698718287431
-42.2182859202072 -31.7354584220496
-67.6156532342789 5.97439304789267
