90   11.81565679946
56.0268136124623 -43.4589088495447
84.0703010382269 22.2867005795765
-21.2611163186124 -88.3750055828875
94.2320363907346 -12.8736278039361
-44.3127481886211 3.39096346343021
41.7027527408701 63.8816303826326
-45.2686970258835 -32.1617216661524
-69.1009357221114 56.7360861492542
3.07220559999371 -54.2114142463907
10.0297574648925 -72.0370519771474
71.8975083149071 48.9413939209879
-6.6454313674163 52.8815406664027
-51.4337036454908 21.6361793852906
88.4854444230885 6.62229398099895
30.0793191390005 13.7368565514025
-26.4560167216746 -35.710069722452
-92.3431597444914 25.3973329468928
62.9504579404914 62.5361593165043
1.6235911622739 34.0512898172077
65.0814907342264 -27.5879826590015
-21.5164953129935 88.2147509005924
-2.33852165673432 90.8077879102255
50.5966357351793 12.3312491614323
21.3179590487746 31.2422427433526
16.911378277262 -88.8770688701758
11.9514768076788 50.7683725217603
31.7337112008248 47.7617416144892
6.09628949461432 -19.2636413674065
-74.4149314492616 -11.3351135695144
53.0197325981637 46.3198828802641
-10.5663007856524 17.2222300507082
42.4533270709389 30.1632617611589
-13.4353971854987 71.481635181206
56.8771047766646 -7.29451026397468
26.7972700243976 -21.0719021859045
-51.2874097341476 -69.0268878804574
-60.3102608862303 38.9317994816408
21.7696785153755 67.2515955504886
35.4851960926247 -88.4229424355025
-23.9125750633854 0.787407828773486
-94.9497733101132 -9.78723275742593
52.5779325635554 -74.0294604173102
-57.2979892103139 -48.8160827804831
-69.575567325713 -65.3490163169224
75.6824713219566 -47.3173501688468
-30.7773889273449 19.3888322338812
-85.7927598738789 -28.1369102686032
-85.7531496356963 6.44250544390435
3.84569638846455 70.8017642065394
9.03201491009323 14.6182617831075
-38.4333815119795 -52.4881769856801
-10.0721154267998 -71.0741522040955
-2.37324723263737 -89.3772301258627
-53.9509044103956 -13.1503167777938
-18.4912632869025 36.0124225953287
13.8014039201851 88.183276812454
67.0965526738036 -61.2338106113031
-64.8363267752792 5.32649074062087
-77.446788798564 -46.4121110324777
-41.2777551541087 -86.4199262619579
16.962487205222 -2.74679807496424
46.1947515169083 -24.2138191136379
-56.0941834229487 70.9828840558338
-80.7124786872271 41.8052619042547
-4.08548504046011 -1.86579282873197
-34.4840501594841 71.1309046379702
-5.50188598533297 -35.9569828667684
37.5714873874273 -4.34842078520268
45.2239323016696 -56.9643498056183
63.274818933483 28.8966321402155
-72.4048401225948 22.8730387638064
31.907714657254 83.3848704724914
83.9131912372644 -30.491230566672
-43.5877233627489 84.7226322514861
-65.3735779533027 -29.855080119973
-47.8737884468637 54.7542335463129
-30.1286712470974 -69.6985211397759
51.979623829263 79.646263854534
75.5880181768038 -10.3167117064211
69.7267063178164 9.73657038079172
-17.3303821992051 -53.039670530248
83.5245862667859 38.1443977748924
31.1748720100624 -72.6421711192875
23.7576037750794 -55.6950195162066
15.1071698343641 -37.5577465754814
-15.064275000473 -18.5876037321615
-33.8459851054496 -15.4570361952784
-38.9585709686468 37.8227087840464
-26.5335204785875 54.4272181310004
35.613490192244 -39.6524017748073
