100   5.74851037534671
66.1658326812195 89.3211048248008
20.1759577654533 32.9627049780312
47.1882629313242 47.6083775442617
61.9552338417674 42.502468434613
31.485379987526 96.4222866532567
9.98945503263168 85.1472567563514
41.0475827813634 76.770255975549
34.7315432045143 11.4940001244249
78.1332492506121 31.5462759203926
9.70863389057762 33.7906248318371
88.027822729146 81.3560846399353
29.226349848602 50.0240789458247
90.3931978773521 16.4022486465767
53.4468495867811 66.2893791636793
31.549530255506 4.05170284337271
78.7849560957957 5.00177768587205
70.7620617056477 2.4725453238506
63.0491653427039 68.8064291405823
18.739105254181 86.35363929821
35.089649112169 88.5899629613777
84.0630183197287 72.5648302824322
19.2481559556951 67.2759547999403
32.03747094676 77.6974545191372
68.1405880551709 28.1218303360887
13.3967309668826 16.2532675604548
77.5042687456459 79.0766492869829
10.3913419184512 5.50339822449561
73.5182511560258 13.2223159988577
94.3941557222807 89.0391831524334
58.9481715703686 32.7188695559302
68.6831174797989 36.3651309149572
65.911515930319 52.4211489793777
68.5962884430523 62.0651131924744
68.4274740508117 97.1845278043766
58.055826338904 24.342275123277
4.86192931044719 10.5475705163679
94.6446136111986 75.6884703431998
73.2230510145425 85.9171988717154
49.4300528150609 56.5556418962616
58.0252599654342 76.0788005591542
77.036913953463 41.0463251414276
76.5304448266679 22.5899815669404
43.5899779534237 62.9197374659558
58.8685507429564 58.9952540865546
38.373584032886 31.0139969460092
82.8747818227818 14.709822530843
83.3237109740315 87.8493000903113
41.6700119626243 23.0332153153615
52.3448660297034 39.3184955059587
33.2414329847369 59.5616400018062
97.2552656708285 68.5482415324368
85.2440452275292 24.987376483601
32.412425227221 39.4676447838249
4.32701617548601 92.1133889828179
22.8403053570198 76.9702313628708
4.69214525692518 22.5142198434747
24.1139740713996 58.4715412044247
14.5231178638568 76.3667132663484
32.6554959082422 22.5679800633846
14.0965803719224 25.3320485039222
89.8249947523753 66.827653340996
94.5520982770831 1.83459426122135
23.1951685325891 95.6784560719299
43.0740754947181 37.8454140125612
27.6299503532673 86.3525964836629
27.561646991354 13.996207956318
75.7257060027305 56.5235931419144
18.6386316079312 12.4285104776023
88.6505122298599 33.627132659488
78.8483722262911 64.7308887344443
28.2714101312463 68.1933683820363
96.509373922454 32.7965878217365
23.5427279658407 4.19629718925248
88.3410193970512 5.69762493836328
49.1603201348234 29.6312598809042
76.0894828485558 94.8988288470802
28.2866970125665 31.059081080578
48.279370376276 71.1306462445682
65.0693878748751 8.59096733145926
37.347293690345 68.7353730138473
2.80918599566212 68.4382507478877
95.0985328328073 25.225718360336
37.8173265800174 45.2346323068004
70.9525759638252 46.7549533937629
66.4620106387722 19.2508802529984
96.9047315531352 95.1559641360363
4.36531286273384 3.74024249176728
90.4231331316017 95.3547723924924
22.6638305949847 22.4439757575941
66.5366577869609 78.2375287172596
96.2486461779267 8.02495639793046
24.2057473834722 41.5398885480245
3.84357576140553 30.1098458218462
5.32641614463691 75.6156809760791
13.8172434192589 95.1443039234577
39.2902702817651 53.732551574956
73.0184654105574 71.307243465394
10.2520160107374 66.8250490487462
5.37014948754222 97.9489353951649
56.2929440470788 49.2449447562967
