30   10.5107700872066
28.4411001743034 8.47359639407039
28.4410996604216 91.5264027158602
73.5593925684743 37.4665064895558
21.0770190757819 82.6270748271526
49.9999616195943 27.6299023714183
64.2094784376393 26.2102804139043
91.325435114396 5.55555555500905
50.0000176376111 63.6197487761663
8.47359731210106 71.5589003557218
78.9229812695371 82.6270749103902
91.5264037666464 28.4411002670933
71.5588998266116 8.47359639565523
32.7515603822294 55.2675446049659
67.2484294222794 55.2674634201151
43.2583927103354 45.0450748677356
56.7416321507758 45.0450378622397
75.1565791018074 63.9739716553304
37.8379882386389 73.7110707376879
35.7904835623529 26.2103242177893
82.3187214010358 19.7869975577801
8.47359623154328 28.4411002681385
91.5264027835555 71.5589003004945
24.843421679514 63.9739709411224
94.4444444449909 91.0774393061572
8.67456266708682 5.55555555500905
71.558900287517 91.5264028060331
26.4406312189072 37.4665297261371
5.55555555500905 91.0774392542073
17.6812809650441 19.7869838735227
62.1620134726407 73.7110316605036
