40   9.28893112096998
83.6874928565053 84.629648563772
16.3125078295422 15.3703499678962
40.9960542031128 72.1298622689517
93.558057254662 5.97362562997062
15.03951107494 84.1945506967202
72.2222980900027 92.5555926915237
74.8888139829325 27.7326978359009
6.44194315654663 94.0263746185868
68.092972661899 13.7726298634513
39.4522475674183 46.6323828124476
93.6312276018143 72.8121171498206
86.7288290966788 68.4264512079312
42.2610084911116 30.5028380697835
46.0059432970634 58.1896564617566
39.6904625174553 15.2468319246644
27.7777025157927 7.44440775532023
92.6160077070166 27.8579030839215
27.6140492666787 40.4141335875196
71.7747090301297 74.6493306429096
72.5817178264551 6.4302082057111
15.4215879945442 60.1764655205601
72.3859506182875 59.5858661749704
13.2711698752626 31.5735486109035
25.1111863426178 72.2673027346926
30.2412507837352 58.5163237879748
59.0039459613245 27.8701376647574
53.994056421531 41.8103431647052
31.9070277214876 86.2273705091027
60.309538153951 84.753169275729
84.9604887730706 15.8054484807748
5.99709050474491 6.58825642512568
27.4182816973771 93.5697918911173
60.5477515719047 53.3676188408625
28.2252891591266 25.3506692150145
7.38399216132424 72.1420967427779
57.7389911205735 69.4971626370582
69.7587490607698 41.4836764016179
84.5784127273838 39.8235353677858
94.0029087971735 93.4117442003372
6.36877216753783 27.1878821664723
