50   8.28994336522024
92.7904217138421 32.0274576899828
13.2127738971598 32.7899709023195
62.322217925942 46.074943137402
46.0228545463923 61.352264190596
64.7932230927956 85.8751520143923
74.3533558448588 43.2669655385512
78.1966334154729 5.87414501205608
80.3088450898785 29.7219476658285
19.5982879160952 69.9177783596486
71.4459589626361 94.954890214209
48.1131242080126 47.307885627104
25.9944011415014 39.7150709517742
22.0427723987931 94.5540937447023
5.85845341462704 5.86529461986295
15.8103577581926 84.1633084252555
11.3778048309142 19.6943634424433
83.8623534762167 90.074097983059
4.52754737969371 28.5905579278769
55.3166131311943 24.5120981979952
94.1204698975198 68.1888185053249
70.0007300124938 19.5966496730896
7.05594890838256 68.0547001972736
94.3195594467703 21.897514654431
32.1243578127469 92.6485509837221
92.763120632718 78.0765887144396
77.4157522303599 79.7923133937291
25.537507341484 25.5057700525311
65.9042315877198 32.8267475086856
24.204704184228 54.9927326923793
37.0199617494024 36.9290957673695
58.7714765441833 58.5549866858834
32.5268652234009 65.5598930935402
94.2210433006499 5.94363697289761
28.5969706230389 4.52421881307964
42.567740973819 74.110807099256
6.0428179421666 94.3248341163854
68.0412661019654 7.08402094716439
6.00566124403334 78.1208087719446
83.9929916871194 16.0273033027185
35.6077400011612 51.3793286545919
56.5846024715515 72.638904312025
19.6870654086687 11.3619786853773
51.8686501689032 35.3051495691988
82.220077081968 68.043105183994
29.3407941846673 80.3005148793722
67.4916627874816 70.725244050666
32.8316478727527 13.2407158888262
39.8028832743184 25.986397540796
72.7524929523361 57.7196213840671
94.4444444449909 93.8470367037853
