60   7.55375898269494
4.64809293793768 72.6210353769052
34.0073913682204 13.3282114984842
4.94426880351966 5.71082119117605
83.3528995631495 3.36864967054909
59.5108455275361 49.9976404894795
29.3173010351239 26.5417037378759
50.0038987546521 57.2922880429462
40.4072182981462 25.3388974072018
75.4198235661593 39.0969906977666
9.35984592087334 65.4707693221862
17.5898144142687 72.8412281264153
59.5894996778986 74.6607170469824
70.6808343556691 73.4623306259218
83.3507844071137 96.6275292860795
75.4197314792258 60.9029173467019
63.1728489865146 37.6536027721902
36.8266422969821 37.6606647212479
4.6394486143696 27.3761827660777
34.0012528916601 86.6764751857972
82.4104503778753 27.1465019404867
16.6487275495019 3.37032708889036
49.9994941797594 32.6093155081666
77.2061654034952 85.3033222195052
9.37193543638568 34.5285240841622
22.7929178224317 85.2967784358491
70.046787921064 3.77109129608696
82.4063851385452 72.8425578126615
63.1749046937794 62.3448387474395
16.6503130338679 96.6250924068437
17.5871968129301 27.1485738296237
29.9453478399699 96.2151351195089
89.4727609163622 84.1586955884635
40.4096265108321 74.6632235613787
49.9999531747439 42.7052525290134
95.056962829316 5.71188743388138
77.1935216664257 14.6836460534145
59.5926406926358 25.3326395852427
70.0521682525769 96.2192234795817
70.7472307452401 49.9997437012525
22.8040515317142 14.6901721340336
29.9511707020657 3.77600261512773
24.5761713152056 60.9070022710332
90.638612284587 65.4709978195315
40.4824952919995 50.0024761716283
90.6246770287398 34.5285025166813
10.531849692266 15.8362586321635
89.4649421140524 15.8388477968455
36.8258722450938 62.3379695743595
65.9889400188925 13.3299829912955
4.94620425932226 94.2908548631422
29.3264325546399 73.4594444822019
70.6930531389936 26.5400305436113
95.0549525620008 94.289853125309
95.3524701743768 72.6214746497293
29.238674304923 49.9972214572579
49.9968591649049 67.3851017196503
65.9928422250954 86.6731270333077
24.5751980436613 39.0920283792571
10.5242974944569 84.1613489386946
95.3630700078765 27.3757581071869
