70   6.9639331512692
35.6728010865334 62.6012746103936
79.8509142971296 70.2475163493131
24.9247547730215 41.2388649695637
33.9046788645792 5.8326648210641
29.6054298429835 71.345283128281
50.7448604886276 50.0005432438222
32.3997837998211 50.0000652021508
22.5173014092946 82.1946196385043
3.50044089993991 14.0723705832693
96.7585868746892 14.1680455646992
33.904659807944 94.1673855715781
66.1258975445526 5.74275210328051
8.8324061761339 66.8780808562726
73.9215595625775 94.2012944450128
5.68217882084031 4.02606585962349
66.8637858366244 16.6450941507826
32.8587625776917 16.6620351817407
64.0800498603383 62.3426338793474
58.2284252888951 25.6755679614211
47.2985805980422 32.2594519486371
40.9920599276182 74.7070653793974
24.9249143275608 58.7611736744044
85.2203256366216 91.0948841126462
60.1619663327616 50.0002953911018
35.6723583191061 37.3986974737686
74.9812508023534 40.5508229455795
19.8495201500171 69.7280921774555
77.2030685732329 82.1908298616656
29.605468009875 28.6548007891604
88.424404336267 79.0159545523683
8.83252415058224 33.1220468184833
11.9271619807008 79.0103515552405
74.9811801581408 59.4490722852132
68.9673467207852 49.9996877964622
14.8685122201728 91.2125710515871
64.0790121069954 37.6574944743025
54.943998734581 62.055665051775
77.2027314164378 17.8091257800824
5.68216455895508 95.9739140173187
88.42442453922 20.9838027855822
22.5173356275414 17.8052731365668
94.3010122695642 4.00223734724568
66.8638374076366 83.3551885733231
43.3945003377395 44.3215185387963
96.758352177017 85.8320075282306
58.2286258748371 74.3245120859117
69.5029320699194 28.3949964674537
14.8684209227051 8.7875382729116
54.9434497863878 37.9450626073846
47.2989864319426 67.7406807603282
73.921470269614 5.79867428442897
96.5673878415421 72.140773355521
32.8587828624335 83.3381024037525
26.1610583561996 5.74298989268364
3.5005315623023 85.9276418904497
26.1610102053382 94.2569770866503
69.5029533651437 71.605153012613
43.3947527381419 55.6790060907469
94.3010369848209 95.9977274772828
90.7511240263531 33.1906803980859
11.9270573371149 20.989759752613
90.7511667259274 66.8093652746302
19.8496736557987 30.2717349360624
96.5672976275496 27.8592555239755
3.48417897764011 72.3143663241353
40.9921530426863 25.2929877772506
66.1259209984564 94.2573253425653
85.2202308512635 8.90520372047194
3.48417964141117 27.6856714138412
79.851134134828 29.7522203663874
