80   6.54068861962805
44.8232829444834 46.7616956910707
79.2486026234849 29.3988974460864
75.2918071015064 5.9951817053849
59.3007818114879 75.6682682083375
55.1379012280055 51.6134841653343
5.32073499078979 65.5034070274269
75.7463226808956 59.4353499453341
32.1843377175381 5.67470650687738
85.2087671036826 12.1101501021203
93.9141480186826 91.285346762772
6.00200334979729 97.4006613250531
96.8858874659636 68.8225735744927
87.3291826056009 85.6343921675556
75.843774855361 86.3909016711632
3.42171062297706 74.8816743919831
69.4042211884821 36.0104233337433
24.3929965847658 4.70944909484525
5.0545193918224 90.650125294429
14.5525237623759 91.2985161534566
23.9616731231929 15.4018144835216
68.9950320203961 25.0830109259143
77.1671836746937 69.1105984247896
33.4611473466794 95.6552131349454
20.0790908293916 31.2360214944016
86.3262641100473 23.3897334801665
2.89518744475208 5.86502321211791
81.8957020182527 95.6536472120254
69.5309450442789 78.4431334835309
28.5049370702255 52.520766729063
14.2586914353794 12.1036229156693
41.4483435221622 34.9100411684417
65.1066007777475 89.8681189578073
37.4103185522803 54.8533244592237
33.762118105609 86.6489297220505
59.8460243066089 22.449729612975
30.2280137809353 64.5361761193883
20.8080995184458 72.4405481030646
3.54326079662652 28.2453997466299
14.9067647955159 23.4664557172912
34.6933323877944 43.0779713338553
66.8979604099186 67.4140460157474
79.6326757697765 39.2810289602222
39.6598245986848 23.1678038230256
71.0610128195517 97.2771006706453
25.3529485366651 94.3063107745548
12.2847906503529 68.0302959609347
35.1808735138436 14.1748766890154
22.8856333404428 83.3379137504243
66.1542926270651 12.9769638714058
24.7366815746501 40.8916794529723
72.2794520173078 47.6506762009454
47.5332273479145 58.5420650923578
39.6496296679849 66.5368236234967
65.6231299713627 56.161467459748
12.1378466338758 80.2808458784461
97.3095132526741 28.6867638373433
8.84462940261542 34.2971784502525
22.521032297366 60.4283820288779
58.0328670526417 63.2572725991168
91.2407835795893 6.10321204699271
30.7435863521091 75.5270114267609
50.1738720834803 69.9160577544101
4.83341872829038 18.3409280263736
31.6413415673486 31.524883503956
81.6987928933362 76.789982083598
90.2396647328534 34.6814828900948
67.4226563027478 3.89549247827381
51.7700038398555 39.7568180818141
93.6584612198224 76.1760627919675
96.7963391345984 5.70238221865763
27.467342524088 22.6121314269683
94.272809897851 96.840902317781
76.0134300776001 17.5525728240466
88.9232505736316 67.460835289826
95.5370936449357 17.9435275856248
59.379767797498 32.6648908415578
62.0702344827515 44.4415529781242
8.45074299063414 5.97520284909099
49.0724605251513 27.9847546258315
40.8696437475473 76.9482317974096
