90   6.10131292293325
23.1894317204523 63.812481196216
68.1726873124674 68.5111707671619
52.455034296198 49.5802564277793
88.8149161414769 34.3255554265536
6.1163330438218 15.1195951954935
33.6899163537651 50.0816335865168
69.2310802622566 46.7333512509455
33.8148288505776 60.3727168387219
78.1977178142051 30.3640365927753
68.6082468633953 78.2855474664231
60.961222338605 54.3168222975272
93.7550922451639 84.934233269317
31.4082390340766 78.382678068792
15.3236512019827 12.120708403243
61.3502131291622 43.3417045689068
2.10401476369589 94.2729468089418
84.5696164147287 87.9780406588132
76.5001360907127 19.1152020052064
43.1134573311311 54.8244221477564
50.6891316013506 71.2170698767857
76.5184016778158 9.82742614146994
77.5160284038079 52.4619377226266
86.5670097191498 14.3762643485525
95.0103254436119 9.79567832496784
42.4044035690145 65.5805390527547
68.2278204004397 96.8357822079852
4.21979049884249 66.2008154581126
77.6735119551351 62.8985172548199
59.2922835639911 75.9318300503129
24.2065249816373 44.2477677929232
59.6401704026072 22.4071513728966
23.2274903889525 36.0744774672988
14.1407874872093 22.8132172833352
31.629587662319 3.07865384794422
95.0182859360335 74.2552016018308
32.5749410451246 30.5656769092762
32.7184140258659 69.4573684733162
59.9297198942508 65.199363291665
41.0005413993721 76.1228698684425
24.3472264258483 94.2807016166601
78.0993550312915 72.5843791601499
65.4746061784297 5.75544250138014
87.5714075383532 66.385974628684
15.3510684851732 87.9376347133717
85.0462211191222 4.12692660638954
32.8944795783241 10.7596390115878
69.1633289268567 35.3452639447585
95.821185606881 66.2870064310264
69.0779718115609 24.7049432119705
21.9097610381885 27.2425709211913
8.85709868603983 4.03050121024583
77.4899125588662 41.0577165525647
24.4066581844507 55.9044269746975
4.93344530404196 25.8120876212152
12.5023451572305 66.3459910774379
52.1519440230683 38.9664402342547
14.1656789773603 77.1908122780903
42.626585208057 34.2268465750734
24.3079366407941 5.73374339098774
97.9124855658447 94.2669117094127
67.0831962790774 89.1284091777588
73.2227245699905 2.11487943740212
23.5279270277788 83.5688726189525
66.5644143998058 14.0136938336331
40.9446404909507 24.0031563135681
51.6999849076048 60.3217821538063
4.2228876814479 33.8057286372932
4.9369024973097 74.1926681945915
33.6826528228082 39.989633143613
8.8234711936429 96.0095470637027
76.35335956398 83.4997128268283
31.4848459287275 21.5708124360358
94.865618446293 22.7762670575758
51.0599759727869 28.2951770537842
23.547775884155 16.4470851387476
68.900677934558 57.9897378433402
31.6968707019114 96.8807846511481
60.5415966161003 32.4883216452478
85.760339502641 77.250917592371
94.770024897065 3.14219347052858
32.9048202941747 89.187142656522
21.9304797452816 72.6836396695855
2.13829401621479 5.71434305429684
91.1969369415496 96.0241582770652
43.2044153098888 44.6643345650612
85.6311485544442 24.2737398079971
95.8516705058517 30.5464261931147
6.18935727898232 84.8937487856073
75.6080702774526 94.2975104309862
12.5153638329736 33.6636853147368
