100   0.197235290336412
3.10174651092198 -1.79037874973403
3.43812327015346 -0.857909703522714
-0.338856712628542 0.629258847059117
3.47563455528868 -1.33300793542775
3.16000673011737 1.77172743480857
3.73065922149899 0.943480380238417
1.93004632121549 2.42203845900492
0.893203273084321 2.14996516559018
2.89322093435872 -1.99831437013784
-0.338029928470385 -1.41425541295863
2.02962683863275 2.0642865023307
3.57017379330858 1.24394627814558
-0.255088525278958 -0.308623226731361
3.27580006885448 -1.13862957795339
1.61292602778376 -2.09957056185388
2.46133573103777 2.22230608875119
1.512457618076 2.10184263323922
2.54378379961233 1.84506628821787
2.27504697485623 1.9658587594821
1.21828841245507 1.96723127315268
3.89929935950548 0.268083054335507
0.0654487534786449 1.47015848303204
2.79386449538255 1.6687628270553
-0.00904051606292304 0.56755563929478
1.30043772230399 -2.42955495957546
2.63236498268619 -1.80435754471354
0.302865168875864 0.00629158894810031
-0.327731736038878 -0.60109697014718
3.50671679189741 0.691972827239548
-0.0160169554156785 0.840414975412291
-0.127991333739131 -1.71254226848773
0.171870253268887 2.00851741822675
3.64927401184732 -1.08352513079046
3.09270191160709 -1.40225958026898
2.07911050822234 -2.38689878610749
2.21590855338663 2.34794215289613
2.86613243479863 -1.61787116211917
0.0152377855506699 -0.558779790485426
0.465210275604522 -1.6006022211413
0.246968986980381 -1.3164568144486
0.411229966323048 -1.9097058021721
1.77372994012325 2.08845324022104
0.0984995161670035 -1.98415053656685
3.86357406572504 -0.430045456800412
2.63394364217114 -2.17818216289982
-0.0689645097910859 0.0201057791721082
2.71915651288617 2.11986096358079
1.53758737382292 -2.43812390663733
-0.302518695853481 -1.10914379862754
3.61989056226174 0.0828905673369883
0.544110016673727 2.0285132348896
3.54279463340718 -0.556803120323483
0.155502094150434 -1.65245626842523
0.758963114649475 2.34123580521943
0.681357856238446 -2.32270381458396
1.86095603172756 -2.08715477993526
3.79337417195683 -0.771841069042597
0.415988837287672 2.26436905684731
0.069328052248266 -0.244240316159283
1.04933778649069 -2.21534744475023
3.37827262802593 0.976896026719379
0.73412524870974 -2.06641848850877
-0.413890854049791 1.22022117702805
-0.351214178581514 0.893136977430002
2.92185713144477 1.93630444404975
1.66230989200026 2.43714227517903
-0.373398452790345 -0.875842889579659
1.06690198401078 2.500090136714
0.86743881404323 1.88290956651718
-0.0294634273974739 -0.834149190263674
0.0475730545312845 -1.05901336679076
-0.0576658234479228 -1.35925127118311
1.36963791616257 -2.08741703298467
0.155904022475833 1.11792818162793
3.22044478187929 1.24459891343416
1.79898485906929 -2.43579772258925
3.58525576652268 0.392525549111895
3.8382102159512 0.613383072885183
-0.0494058806520142 1.77855596488415
0.0682348224135444 0.269137233582258
3.59804985982304 -0.237279982009899
2.11720919675527 -2.02545508704734
0.991859682769628 -2.47505111108953
0.383284115983952 -2.18533373571466
3.03154935050782 1.47684804458584
1.19755981397067 2.27788246876823
2.35284258525454 -2.29825633791745
3.39226317093007 1.53271680827325
3.32906622982342 -1.5927308750579
3.91031707567245 -0.0849604838126361
1.40292806282885 2.4563508586107
-0.276524117229361 0.324737408961423
-0.122063941243676 1.15795431751525
0.750129841311364 -1.8103917258905
-0.212270461764231 1.51037310088885
1.0887006921768 -1.93877447156332
0.335054520246265 1.44069381310115
0.576677584887365 1.7033232366857
2.38074726327043 -1.93689498501027
0.267836300319803 1.78049865166645
