200   0.136419214173251
3.3058689569867 -1.00524994379352
3.35540154267894 -1.57885024823115
-0.149987786186596 -0.620253093539606
-0.296446649412491 0.276829764468291
3.69304718952858 1.1198652267844
-0.051840115908755 1.37400192330997
1.65379724302251 2.36159657121174
0.176073021808725 0.970655048703766
-0.155155705220234 0.631408025444206
1.78064948073842 2.00634592160694
-0.194643421963114 -0.819808604122135
-0.253875380731108 1.499898542741
3.5544693957589 0.16973754782165
1.45690335981667 2.52353112165328
0.74032426336876 2.41039963173515
0.359558231264258 -1.44171468566349
3.90257969893018 0.443806252077291
3.54575613244705 0.980592781476743
2.83856267003777 2.11055233323839
-0.156966404102458 -1.72162808330183
3.70340356369604 -0.416932193819798
3.89663712300024 -0.534866429769022
-0.16451313225334 -1.26477639192073
2.4176988610762 1.85760367893551
2.33044375906949 -2.14213691971278
3.04008805774522 -1.38919686522695
-0.122509697826867 0.415500700585031
2.62479817338467 1.99505489176853
2.05010999681879 2.45515623204386
1.70412489354779 2.54873530744328
1.60313861667809 -2.04227703498865
0.798671166809017 -2.00844487272595
3.72916959605785 -0.171090208649078
0.473992541085381 2.04704888232205
3.10908819458173 1.30384920144907
1.08996600529771 2.13002381979076
3.42203590290536 1.13858535140424
0.364540050994298 -0.0161490238146707
3.2005684857388 1.79853927093424
-0.385600074341273 -0.646024205464114
3.17585766691543 -1.202717815956
0.851921285475025 2.0473438124185
-0.407666960687677 -0.843027596421287
2.814923130411 1.87281625099311
2.70681310959113 -1.68126505207679
0.445881092714519 -1.79466664192754
3.63258386960674 -1.22052678602303
2.30220939345549 -2.37779060590199
2.03243056004341 2.23308007770489
-0.413736868515865 0.894657415712106
1.4038060515202 2.34138806022097
0.0996922153675188 -0.33825326027821
2.94782047277854 1.4708767153303
1.26345417219217 -2.16181727777735
1.21966626148726 2.5126466522527
1.49222233534095 -2.24931881043224
3.50003392954903 -1.03164021016644
2.16218908591443 -1.96238495632561
2.7290801592204 -1.92685384328149
0.209341792881959 0.118611088676511
3.25377051543595 -1.43747079719865
-0.0782014485327557 -0.160979383309802
3.72712477371989 0.307116152182714
0.174291206437115 1.71098552512279
3.50227338301143 -1.4269298276625
0.521714112812375 2.29630479233883
0.68170099370366 2.18413244600093
1.91715563551273 -2.24155856771883
0.320191722164882 1.33334165719488
-0.262239295121453 -1.50955558475335
1.27901649608501 1.97502308887191
-0.307241452014274 1.32020579969712
0.104429720045328 2.04548474861897
2.25070327403005 2.37619385343977
3.74581764162503 0.0652867370400657
2.60609995513634 1.75407307601931
1.07542803144894 -2.49567641296665
3.52934565873569 -0.324948859610703
0.420123310759177 1.80188808449644
2.99095258389174 1.71970797252694
1.53024309653222 1.99283167454215
-0.348092824976702 -1.30205699810965
2.91311051893032 -2.04247952200406
-0.273390817487926 -0.228843860442907
1.59464064002235 2.17619824725704
3.51413175212153 0.414035382138198
3.72477823918109 -1.00074084355983
0.0168437783439961 0.0517241394274641
3.31008501072062 1.61739135253704
3.02673803602705 1.96198091574517
2.20691565949606 1.922958263043
2.22101226443688 2.14776974056198
-0.0691000750136757 -1.47880055384287
1.69819098840952 -2.28168358379891
1.02460935297165 -2.08320837882656
0.460899827548386 1.54885247459195
3.58849468927034 0.759265523283934
0.171133948705959 -2.09363455273879
0.59447607383859 -2.14792120341285
0.0506770078162971 -1.67562338228457
2.72343417338288 -2.17600094970599
1.3427806572074 2.15966718738608
0.0783281259523055 0.540871404870527
0.0126160162050731 1.84794300722946
1.69774072780897 -2.51513739806381
1.83740194053178 2.20428337055578
1.0578929334054 -2.2901456766222
0.979513577368056 2.47850554230247
-0.0974880030238068 1.19352431226085
0.927420087522956 -1.86047850508195
3.68848341968432 -0.62984409507433
0.160509469031717 -0.134994819599108
-0.000746088268713474 -1.9111025695977
1.89226951793882 -2.45606761415471
-0.333907137513084 -0.456380514491991
0.0652881934560738 -0.578213300400979
0.52489917444628 -1.61792301236517
0.132513468538781 -1.00713458385817
2.09132367730879 -2.43283493627414
-0.182774796351488 1.73258879307803
3.48935264173079 -0.562795122986512
1.39799009442755 -2.01301860645542
2.34719681793272 -1.89835805640007
3.93504149481723 0.197034701824599
0.125089339736638 -1.44824893396968
1.29160247662175 -2.37432974404285
2.91197328889074 -1.7867714123424
0.14193379101812 1.20488222221124
-0.454594454135561 1.14080250551802
0.606291832230166 -2.35899648083468
0.25877757090277 1.92603446256608
0.821097809557981 -2.22650148424003
1.78358884285738 -2.04797573539453
3.09454511685403 -1.62464637592731
2.62905746855459 2.22247832446733
1.15791242804252 2.31943158250056
-0.106056746645702 -0.398474456810204
1.96788803747941 -2.00407070850025
3.39133715882255 -1.24066553276726
0.843771150659239 -2.4264610252303
2.52665639837765 -1.80041920620051
1.32337316555234 -2.56261516563881
3.94123230992687 -0.0516335597855778
3.8234297830475 -0.77936445837293
0.0242521846074042 -1.23409447629857
2.7840790421265 1.62729679314667
3.2399847302177 1.1000575476976
0.619517513754611 1.7139054914009
2.41993812550551 2.07448935866082
3.15218609127691 1.55288663706956
0.915131027654963 2.26891303905956
0.824577418209199 1.81510710067888
-0.0202553819681631 1.00552150028197
-0.113359092356009 0.182831664080821
0.212531414576397 -1.86138136002211
3.05684705422777 -1.88701088139396
1.87046635355143 2.43863544683236
3.59418188487889 -0.804917444961489
0.382884717385157 -2.01938131113013
-0.355913186515172 0.503653665626137
1.04422349307518 1.91494232849574
2.88331291691398 -1.54934684757205
-0.445122505326777 -1.07677621748567
3.91000430050639 -0.294000390991865
3.77657825379444 0.885441419193589
-0.387936478806515 0.697881453658199
-0.0230227567597813 1.59182959390619
0.708289295171662 -1.76411639151873
0.288486995120071 1.58623836565948
-0.269691148705967 -1.04994596035849
2.00634852347457 2.00175008421767
-0.0793896285889045 -1.01712720713159
2.12247500398059 -2.20225172718785
-0.186048794526901 0.843281231679248
0.0293503717269638 0.764252826639014
0.222395445778687 -1.2400985129683
0.11962302511259 1.45265160083785
2.53450897761525 -2.04301927884949
1.51726656496741 -2.4727515350385
3.47287660685217 1.48103538549896
3.54589209189496 1.27747408058204
3.44430670931533 0.653418464119172
3.4078347285767 -0.788193039573645
2.51828099364656 -2.28657954596403
0.595954854239486 -1.93355812554985
3.55272604905742 -0.077912457056276
3.82526446041362 0.666772046229637
-0.251677967647436 1.07032602837197
0.0368517722172843 -0.799520500803909
3.29779786292369 1.35273035601616
0.378718423642895 -2.24300715965918
3.66770612081613 0.532082350457838
3.23609851828513 -1.77034201000718
0.319102868541997 2.17225343544572
0.0894340465090817 0.30713218786256
1.16883536807052 -1.93604784194507
0.632107788467476 1.94408755447703
0.275320798290472 -1.63672442772561
3.35860858328912 0.885473969551628
2.43740182602808 2.29658903233127
