50   0.29596468959587
2.52278675823014 1.81096545926672
1.58286832814045 2.42407413346817
0.180349022364161 1.94086674043578
0.837685301785412 -1.96062372765621
3.28672070701113 0.978289999406978
2.9860873979309 1.47440413600179
-0.329604814010787 -1.19978732918036
0.437456020561862 -1.66018627904341
2.76870672298049 -2.14800648040267
1.47413867753935 2.07875661103486
1.34099319498712 -2.06690943688736
-0.432582949643563 0.617774560922265
0.260011754236949 -2.02452871676397
0.102274820137617 -1.28949123732571
3.15461342645206 -1.75708081743629
0.163045861301874 1.36896132649492
0.0736658345649816 0.822152116340406
2.37763134698356 -1.92253148175539
2.56111584640265 2.16753542640305
3.72552039212345 0.330063741209749
3.66039948213189 0.635714029073059
-0.192376556787842 1.59016487065186
1.8672095622326 -2.08353092556472
2.26036544289918 -2.40218600763487
1.06948137706788 2.45348628569756
-0.125033226990402 -1.68476830784222
3.00635851613709 1.9139758400417
1.18548785695512 -2.42464924679834
-0.407086239887386 -0.669844615919493
0.681437609636441 -2.3159441905647
-0.102415025545233 -0.325192094349484
3.57596204897434 -0.89529804067131
0.564823661186791 2.26651604599467
0.204283167315886 -0.0121098951088501
3.66774574290553 -0.613036874186124
2.10099173521116 2.43228252547283
3.72916805371619 -0.30693335720022
0.0124393163942472 -0.768193023540899
2.84274154489665 -1.62996722381721
2.01317633683366 2.04215624471672
1.70566938293625 -2.48682389076014
-0.0762422499043387 0.324173558262504
3.69885949393546 1.11043132219339
3.54233211602611 -1.36678119378853
-0.280374086037865 1.10862765160351
3.33119134790291 1.51519919166475
0.963586974729137 2.00759479397469
3.74759519277998 0.0116141275430371
3.20691187820549 -1.19600722581458
0.534433129063083 1.72517755854958
