C 60
4.000000 0.000000
3.967191 0.416969
3.869841 0.822560
3.711130 1.205819
3.496222 1.556618
3.232051 1.866025
2.927051 2.126627
2.590818 2.332783
2.233733 2.480812
1.866554 2.569091
1.500000 2.598076
1.144343 2.570236
0.809017 2.489898
0.502278 2.363032
0.230909 2.196955
-0.000000 2.000000
-0.187205 1.781132
-0.329369 1.549559
-0.427051 1.314328
-0.482604 1.083946
-0.500000 0.866025
-0.484587 0.666977
-0.442790 0.491768
-0.381761 0.343739
-0.309017 0.224514
-0.232051 0.133975
-0.157960 0.070328
-0.093096 0.030249
-0.042750 0.009087
-0.010896 0.001145
-0.000000 -0.000000
-0.010896 -0.001145
-0.042750 -0.009087
-0.093096 -0.030249
-0.157960 -0.070328
-0.232051 -0.133975
-0.309017 -0.224514
-0.381761 -0.343739
-0.442790 -0.491768
-0.484587 -0.666977
-0.500000 -0.866025
-0.482604 -1.083946
-0.427051 -1.314328
-0.329369 -1.549559
-0.187205 -1.781132
0.000000 -2.000000
0.230909 -2.196955
0.502278 -2.363032
0.809017 -2.489898
1.144343 -2.570236
1.500000 -2.598076
1.866554 -2.569091
2.233733 -2.480812
2.590818 -2.332783
2.927051 -2.126627
3.232051 -1.866025
3.496222 -1.556618
3.711130 -1.205819
3.869841 -0.822560
3.967191 -0.416969
H 60
3.500000 0.000000
3.475394 0.312726
3.402380 0.616920
3.283348 0.904364
3.122166 1.167464
2.924038 1.399519
2.695288 1.594970
2.443114 1.749587
2.175300 1.860609
1.899915 1.926818
1.625000 1.948557
1.358257 1.927677
1.106763 1.867424
0.876708 1.772274
0.673182 1.647717
0.500000 1.500000
0.359597 1.335849
0.252973 1.162169
0.179712 0.985746
0.138047 0.812960
0.125000 0.649519
0.136559 0.500233
0.167908 0.368826
0.213679 0.257804
0.268237 0.168385
0.325962 0.100481
0.381530 0.052746
0.430178 0.022687
0.467938 0.006815
0.491828 0.000859
0.500000 -0.000000
0.491828 -0.000859
0.467938 -0.006815
0.430178 -0.022687
0.381530 -0.052746
0.325962 -0.100481
0.268237 -0.168385
0.213679 -0.257804
0.167908 -0.368826
0.136559 -0.500233
0.125000 -0.649519
0.138047 -0.812960
0.179712 -0.985746
0.252973 -1.162169
0.359597 -1.335849
0.500000 -1.500000
0.673182 -1.647717
0.876708 -1.772274
1.106763 -1.867424
1.358257 -1.927677
1.625000 -1.948557
1.899915 -1.926818
2.175300 -1.860609
2.443114 -1.749587
2.695288 -1.594970
2.924038 -1.399519
3.122166 -1.167464
3.283348 -0.904364
3.402380 -0.616920
3.475394 -0.312726