100   0.853183683943867
12.8010157301826 7.60643796009968
12.7427606221085 10.1274412465003
15.8528229149768 5.4466960892389
17.6990732961943 21.8618604919095
16.952457284193 22.8335306535558
14.4660037421271 12.1548256306607
11.7131981118616 5.6434882105489
18.368203205755 9.20387354324339
15.6721704224012 14.2780973192995
13.952615690355 10.0165211084508
10.733792478539 4.79263920153128
9.47576377589276 5.40813541651225
14.4498129217589 16.2346925207335
9.88185918746493 7.58142057881645
8.01852738084296 5.22728560194684
11.7201978459382 12.3892631237283
15.8233097605744 12.7987737716488
12.9437428281656 20.4468947502354
16.3683846685685 21.6112156815748
15.3577004427895 17.2212940172231
14.2517922634369 14.7416807874922
18.4746223436405 24.6389036252829
13.6621510920788 9.21905752643865
14.4793780992026 13.5394544197817
14.3228425792954 7.8949140594725
16.7524073155772 19.3029236489842
16.8735210223472 18.0380073403268
19.5761860054342 24.1004741350592
17.4177393584047 20.4233253508656
12.0256193304848 8.94353556784206
16.9921227158326 5.13531098206011
18.195027627256 6.79216304813957
17.0182368551926 15.7826834790649
18.1249526649345 16.387199404534
16.2059331368991 9.14395241873224
18.8869686236639 8.06500002876192
13.6792651342375 6.56680868285799
18.265276903474 13.7311614438741
16.9537437141984 11.6639066976217
18.5987477288209 22.9997347464293
12.9475875625877 4.78293499145592
18.2942328574055 26.208203109131
14.5866815728038 4.47693191263854
13.1625590858003 11.6562254754087
18.1860969353449 19.0036835014871
17.2147699364321 25.3033941860168
14.9768403788298 21.538627352834
15.8587965929068 20.5046859676638
15.586426832239 15.5954219384205
15.4606514138568 11.5653676368909
13.1228835063772 12.9092125966816
8.83969320657671 6.5895625754614
11.5264950623078 20.8205168244311
10.2906487739388 11.4775161765933
17.3577749858537 7.97289132317824
18.850275331835 20.1270206447043
18.0248967859793 10.6084612516268
8.62128641570846 10.5608609528278
9.09092952331626 8.96138364176471
15.9978928347472 4.10822558937685
16.6465880770077 6.7359331315003
17.1873134588474 9.39369290780188
18.0475540175773 12.23096969492
9.0965604294769 11.6735052978678
20.0459109002576 26.5033186416869
17.4644524034119 23.9263270164732
16.9437024817308 14.6149777809806
9.81170231858067 10.1564011063299
15.4709186668796 22.9015252982529
10.5352197020522 8.76898245892835
15.9545028842065 2.62669412082382
8.43952558912618 7.76941406463881
11.6553524402889 11.2443684555063
7.32129285750091 5.9384268979937
13.5709438728345 18.9876486147613
11.4072386760093 7.60337913559346
18.7847004816039 21.3474830262966
14.8834829937941 18.4283859885119
14.7277976713863 3.16556370741027
12.148952539499 19.3652922819164
13.7622385512137 17.4861442091029
19.3080977651116 7.07812717501656
11.8711055008525 4.06137267177666
18.4336731176715 14.974989787385
10.4452281738242 6.38197640557027
16.4867739939775 10.3905148702148
12.4539463726452 17.9582668075456
7.24423485139947 6.86263295997365
16.1031967176271 24.1325680471771
10.6914241387257 19.9702261977745
13.2662258206061 3.73816267476514
15.1809449634937 6.7331580485704
11.0144980431314 18.5625078077251
14.3016411902656 5.63817110031149
11.1651932202895 10.1101451295791
18.0642850560232 17.5948695809699
14.2788808219875 20.2735299536915
19.5518671826217 25.5638545881206
15.8558749942744 8.01114990365282
16.9357907054967 13.221832523534
