200   0.596344721849627
12.2325264306896 11.7063582714106
11.4583168824209 4.1159000347451
18.5989443129352 22.6928209708581
12.1367111949389 9.97781711615127
16.0374309076998 6.31863769082336
14.032529704285 4.34989802846639
9.67319275086005 12.0990524023303
11.8196080637082 8.14554857218744
16.0596108272731 7.42630445383994
18.5326114411326 25.5042946249113
19.5967065635428 25.2307433382014
17.5098201494519 16.3534304803189
15.7930270672243 2.1622891632895
10.8315841848889 8.47288284782279
17.8762881430917 11.3469614505536
14.0382437527524 20.8785980152204
15.5748036453804 17.6396382146491
14.1484733754135 3.26754522094225
18.9005799448694 8.43705920098035
15.6947495871006 8.32250701372863
12.6124693666169 18.5989319927733
17.1714117162245 24.0244155306876
13.6600436981083 17.1885619338724
10.6691109058294 19.5141245534406
8.81041198456822 9.08151209705509
20.2886586728058 26.0148943535995
13.0240181287521 4.71952745284273
15.1598950680393 11.3815139177128
16.7092323906603 14.8361466155213
19.1493446538131 23.5239954253551
18.9723465464002 19.7514293106748
17.2975330676628 12.2379253000699
14.2143247168042 15.2419081670202
7.13019421530914 7.23087299543665
15.2973420881994 12.940138147057
15.2328976219205 6.91937315587136
11.1234665265318 10.0839213604437
18.2472387506098 26.4933372820275
14.7476259067631 16.8954710469945
17.1947450597061 17.356532735961
16.8483128929621 25.0286156453414
13.5120446648703 6.22718945513888
8.13976108466665 7.45082346387187
13.5727634121444 18.1980345483296
11.4724876646783 6.11555622722618
17.9935086025358 6.71900262538778
18.2134259454968 23.7421192782561
17.1446110313488 20.1099657694826
7.2561309359735 5.56981886631711
9.4232774651174 5.92892598473588
14.3545884286868 16.291574037954
12.7131217913494 17.5965207183447
16.7237846662524 15.865673829136
13.6957211514396 12.7142926986646
14.2026200487031 5.87480692539378
13.1021055053339 10.281733459999
8.97919267009776 10.1581998232645
17.6106664535667 15.2858684027372
11.6570277058383 9.12908701614795
18.0278812755257 8.93232242638401
15.8394460826301 14.5822088523849
17.9856404134881 19.3588289144658
13.6213135943051 9.30937280245773
8.79396396572951 11.860216735816
9.21589069767464 7.67126726965597
15.9142530451142 3.65515658842207
14.3605222424314 18.8046343133161
11.7494798202104 18.0622649298295
18.1579811290441 20.2119983765216
16.1226461246201 10.9316379957908
16.1893353631166 24.2257543664691
14.9731881471428 20.4727161140233
15.3761565243462 21.9129859851127
9.48211249025452 11.0304725022429
17.9595471900609 20.9284974950045
9.83027605977613 8.55670434876366
19.2966673108055 7.6349924813833
14.0058861653271 10.301715721501
8.78152865339881 6.73986319075991
16.2022978835071 9.0641302039581
13.257577491576 7.09935095716706
10.8487258625526 18.5859575897704
12.2182973227101 5.52035091069492
18.1006991830733 12.4630291693937
18.5015778906926 18.7117128236497
12.0653190434694 10.7788786376512
7.861868248534 4.93974671027438
10.6886098374234 20.5128463973181
18.33152482188 7.513096613386
7.75546980199849 6.4562000497968
15.0887568569606 2.92998549751163
17.3083485700564 4.94099462745133
18.8651185475855 24.563651592007
16.6325608789293 23.2125820776754
18.4348295502564 14.9635880029336
14.9594488115294 7.78542678242876
16.6482979198029 13.8028749903995
18.2813160351602 17.6363228512255
15.8728953125338 15.6009210760482
12.0404161515045 4.69471028873836
10.545593060911 4.52681341334771
14.5246215597675 17.7627349825077
17.5693462690523 18.2766877638557
11.5585147069645 20.0231935732345
15.778549512686 16.7472326896476
19.0174749023237 6.65731864385396
17.5399403512069 25.7122398693277
12.4996249307063 19.6763255375
15.0922118298346 22.8917995044946
19.2534589382457 26.1739095033326
19.0847084219544 20.7754032124034
15.062500040013 5.95455273975335
20.0731524288882 26.8152202178512
10.0101399281048 5.16875653817278
14.1228119449635 19.8547608473069
14.984476111111 14.9028591575033
16.3954100078315 19.2450979874672
12.1946358905245 7.23748704153257
18.757336499868 9.46081668284023
18.7437337713252 21.5954277141178
6.69021521966975 6.40918126467871
15.8027320920921 11.9897576851407
12.2719713182007 20.7341982189652
15.857118785171 5.30377711455741
10.1014940855849 10.380932713952
8.72851776005687 8.37697226351874
14.6631516213023 21.5550413922439
11.4879176748192 21.1126308496329
16.8257930333922 6.65366786555608
16.7774120009467 8.15524718875873
15.6272906893855 4.50675046581369
14.9217276413562 13.9049780876093
9.74629037316055 6.71644882412053
16.4763888785442 20.3602209931022
12.7730427940023 9.23540974654293
16.7611211714258 5.53183446866491
18.2146686480929 16.8848874467561
13.3966926064707 19.2307443850974
18.4062880601411 15.9538905699291
14.3440363095437 6.86471920460649
15.9838153630641 9.92323813584673
14.0325069160883 14.4088511525334
19.6955151777947 6.90567990654381
17.8648520206305 22.0114128916292
16.0835915803758 22.5140587997595
17.8149550626017 8.18889727038495
16.1466215928373 2.78138485853444
16.9876248045266 22.2216322219023
17.7954665735541 9.90335015371608
17.1854182659444 21.1600166834779
11.1124954744357 7.44897028801127
17.8619584503477 24.7151173382577
15.0553467295118 18.5709232250559
10.5441319764367 6.00132406311463
18.2855681118869 10.518397926755
12.8848058571809 8.01085775205449
14.9267352794776 3.88849063499168
11.7116218661221 19.1083596810158
17.5678716924379 14.2425262416038
8.50291798976677 10.8784952080408
10.2068194315784 7.6062907051697
12.7550926292213 12.7123001647066
18.6456479998405 14.161978652651
17.1544852789698 10.7528697192862
16.3133730988283 21.439092890257
13.2551466266588 3.72404936267862
14.3681263801518 9.59577613447638
13.1539563471324 11.7922194235615
18.2225959170556 13.3927419425976
15.8649478967721 13.6443934385844
11.2852170784423 11.6261991192127
14.2376779694656 13.3346200296024
16.3632270353756 12.6937476604308
16.5163808148875 18.1456986246712
17.1934127547064 7.36130151187239
19.8411306844725 24.2124325662477
17.1538500798024 9.04690467123587
13.2234796162115 20.3251450983273
11.1222670075494 5.21324598976386
14.8752361658968 4.94567508941259
14.7551200418699 12.3656763811816
15.1117009578984 15.9476660916724
14.1160929587309 11.7444879224004
10.5965861041016 9.38053333030514
9.63345286511201 9.51117724844898
8.93946843983715 5.00377392861575
12.3560975659409 3.80386795974721
15.5606849222292 20.8494934524004
16.7634392296026 11.6337118934663
16.7946612669688 10.0009727718004
17.6238660297735 23.0423592504706
8.37203375905513 5.82107137419962
16.5561289262267 4.4816236977854
11.8287596534417 12.6129487256476
10.4017977863271 11.4762340840234
17.2624482751917 13.2416331669208
13.9700980112604 7.77679781482299
11.0223841788601 10.8422785086362
17.1705249030372 19.0554719746249
15.646591687681 23.5525783073338
