50   1.22958232125022
11.4017814470873 20.3471738814248
13.4362538702485 9.83540894775954
8.1536455657174 5.6117156899023
9.05384488653731 7.74950674680945
13.1835814468512 7.50447508651938
14.4149989509412 14.6568307854818
18.2558198092721 9.16304125691112
13.040909002061 19.8413977590806
17.6432416981869 13.0186033547298
9.99605651283418 5.82995544658151
18.9650666614854 7.28437604915121
15.0374927599484 3.81591992460801
17.9993133468658 25.722830799413
7.3820724535326 6.56615804179455
18.5020448893987 14.7157448834122
16.6182076204646 5.32193207355348
17.5193128296266 10.9662299866655
11.3076131113096 19.0030196407562
13.9387131616747 12.3783650591333
11.7162295933164 9.7686698482822
20.1460986019882 26.0480529799027
18.7614884399435 20.7337880082217
9.41908578951532 9.23084954153145
15.028965697267 16.6001755768552
13.1976941487505 3.84314840611687
15.8664839812927 22.7527822907984
16.4818860435494 18.5270353358849
11.1597604324494 4.46371563812958
17.9179050949652 22.5493702194965
18.1129495488583 18.9179357298122
11.1129854427168 8.0244342503694
13.0113972444971 17.612910558011
16.6648987021832 24.1817055438807
19.0125385620623 24.0958685694006
12.1884855746338 12.0758351825453
14.6975776666628 20.8702295428327
17.0751303615781 7.23038815201789
15.9791005333841 3.03328604960934
15.7787589882151 13.3766696800407
15.2174427330168 7.27707888117803
10.3779949803228 11.0619184449889
16.6934459754394 20.7615341537249
15.8189257543201 11.4623744050813
14.5289918093861 5.80695533226281
17.9003766949495 16.8551974676272
14.5843415782729 18.1757336994924
16.2674863981913 9.17679563679497
12.2161632402237 5.96228961588992
8.99833542570874 11.2500303731423
16.5781599597899 15.1535437486738
