100   0.582775912214958
15.2725007544804 8.59636159103988
6.13401759786735 8.81723619300621
10.7354114732708 9.14920016931101
9.85391862021756 4.79477080949873
8.96900279024855 4.89876199764446
5.44818275040598 9.98366010189056
14.8168482652375 6.81997972492204
6.98927793982219 8.14195387562319
7.58688185819811 14.0200788625412
8.02800378936557 9.40101843334661
7.6106703561472 7.44902331138436
11.3993473318142 10.7512833401382
11.7191591469738 8.88826462937724
13.4089570434902 12.1500777867991
13.3597203308806 13.094201973031
9.36304893291848 12.4392219935315
12.4906580122369 12.421372308065
12.9506508503187 11.449096903747
9.8187738698089 13.3182337218594
5.88668224350894 12.7381047011337
8.82441345691269 13.3301817627124
11.9029273093338 5.4110507507545
14.4350195608059 10.5111401667522
13.4141247559226 10.7550752491463
11.4833692903917 4.59817892974958
8.57398544030543 4.05735936786169
10.5973576602825 10.0312305139645
12.7717399000988 8.6277210564183
10.550739896795 14.7189334383737
15.1181949369054 11.1559050007383
10.9844174102722 11.6426473886857
12.553784841157 6.30467393792644
7.87131267454062 4.6593665895801
8.9117797004248 5.97640967990991
9.72590960193893 9.41245121995464
10.4889154761896 6.16070816094559
11.4703881973836 12.3725200866212
8.57453983971859 6.9800247625159
9.75122690107529 8.6190707192976
7.15179307694869 11.2450330325764
14.0882557803841 11.4528133645328
13.7369050952815 8.99900875747487
6.21470908010047 7.79023757306706
7.17781082339645 9.91948432851053
7.13890885947856 6.62908714031778
6.45297715384056 11.7980638299665
5.87803512628131 10.9274982301922
12.7110524842776 13.3762358705191
15.1057645506401 7.63058906956593
13.7397368131055 9.81767494895763
5.34934447397072 8.09921499928366
11.199240109407 3.56771754250643
11.5596031078699 9.81506822183996
10.9773679490719 2.58233628955163
15.5406441652417 9.44754344964823
14.2141912339883 12.5579427912561
12.4165022518181 8.01186685890247
8.4055364438881 7.96285083436177
10.377058122412 12.4610224185741
6.73768188215991 13.4850300411569
10.5465026993326 4.26215474026128
10.2743126019903 3.38064897285377
10.8014048945435 5.28770545496345
15.23042399268 10.4030441870416
10.8834063398834 13.1932325944519
14.6498687795515 9.46939917402608
11.7698731749088 13.2257154020384
11.3768728947849 8.20553894553374
12.2132452018501 6.95747124006894
5.26628101933249 9.10818292784194
14.1890444959575 7.40546541600047
9.89347658496964 11.7225760656748
7.55218284450603 12.0845100446084
7.93009502204354 6.42930474141504
9.48779312769939 3.90337865084465
9.73127462944367 5.56574510115035
10.4451152288639 14.0618690362381
14.892944835995 12.0613406020289
6.59493634407652 10.6769756619165
5.54849993368005 11.9296282937974
14.4449702472747 8.42011244905729
5.5749447503466 7.03287298107965
9.55614018104094 6.5862076545546
10.5443000614385 8.20037332513784
11.508306906005 6.08399983348164
7.28855830332849 5.5610519686269
7.77151165943002 13.1331689314358
7.85150157558376 8.53497965554982
6.99266283253619 9.13977731206502
13.4857033173706 7.9954863516137
6.11774521568282 9.80274333639291
10.3800948677065 10.9008205852973
6.85465507281577 12.6389661827004
8.50861080205524 13.9825239982285
8.18170191376182 5.45604417567656
13.0684568921651 7.20173939584182
12.0210118294018 11.5344184877842
12.3473549056982 10.5713442117411
8.38532168725567 12.424841430081
8.88199556327142 8.91788333683467
