200   0.405527030546259
13.1327586919011 12.7011809570606
10.3032198764214 10.8490669131415
10.2067990280501 14.434881974833
7.22464729372499 5.96299413620049
7.88252890635624 6.14844806979437
6.99255462994569 10.1226123924878
15.1663473988041 11.5191628614237
6.78505772792964 12.9398199787363
11.6097028511165 5.84903152880889
13.6502852074741 7.35543180012746
6.43310388076795 7.63132622562233
6.99683919619806 8.01263630630891
9.23411770032203 6.62843731468683
11.812240401088 8.17515660883516
10.309477491904 12.0941176740578
10.1420509283438 8.33048190736932
12.1047089830077 11.0318752046923
8.7347177215252 7.01507650287417
12.4757651986605 6.47989458233993
13.1883404683724 7.92795542066937
7.17280555528116 5.35744275575038
10.9767446599591 10.0912441536949
14.3920584312163 9.6935494807869
5.30252984759863 12.0089709409804
8.84647671910492 4.52930893628794
13.3550320541856 11.6915499541128
12.0959680891589 11.6420231943329
12.1301971562745 10.3491711585264
7.75004316652591 7.85161847562498
12.7730592600836 6.72773138361155
10.1396594990397 13.7886676338447
7.81230815242849 5.49255309526142
10.3838267180464 10.2293283929332
10.8781912440216 12.1963831281291
10.4791741289312 3.03509668159982
8.36450654315695 8.20966928721138
8.65445203005229 9.26893032777186
11.1290735603574 8.15248926932653
8.3951999093703 5.01963908155611
10.1145851864268 5.74993695012342
8.11532167154766 4.39003829532461
13.9159826411235 7.92812592694874
14.6168833176835 11.0384604652154
13.5672430570121 8.512407294882
9.04452778083275 13.6859503635241
12.9058121875355 7.3945157558621
9.23591093032083 3.87541577657145
5.75799935889368 8.63016328229726
6.64153840291756 13.634253078083
11.5089638650602 10.5719557325507
10.5092960015111 12.7355580027415
11.913968974052 6.54598280375773
9.75879597679079 3.38679624272055
11.2236545489476 5.27258948043043
5.82753083781423 12.0275308351494
8.05087086760543 7.2977690057504
13.8674648351903 12.8415655171278
10.6589312640349 14.9093789402755
15.024403934676 12.2182501599059
9.4184625835666 4.58787591731642
5.07699891641833 9.58469068775614
14.7029977476162 10.3965295142938
9.80521042189544 12.602666598488
10.1286027843646 11.4505911402508
10.1433567517321 4.66999735795213
10.6211142370324 8.04243230616174
11.4058002214411 12.3784633255167
5.9158772877977 7.1394200571156
12.2302105240309 8.62702055395408
10.1076213584643 8.99291334571292
9.04750670626879 5.2447805497427
7.48342306164531 9.14200282729629
8.53008181616463 7.70859000665672
8.49676317703196 14.0502036108892
7.42067362715023 11.8045857232498
6.88104441796203 9.44869655046476
10.8111479478366 14.1576614200555
9.797535645452 6.43024260412552
11.1154438929272 12.9401387005594
8.91556137597071 6.00063548762727
6.24737554041662 11.702517005846
14.5335416722167 11.7373417280994
5.66279251883967 10.6228617463401
12.461126651875 7.89942534719332
9.26881923231022 13.0753510744827
7.43038085749013 11.1300488388981
15.5765883472746 8.56117472531087
11.3271496804166 4.0913593955059
14.2903746877954 8.50368854242115
15.2884972188466 10.8722674125064
12.2302862196044 7.20708413100204
10.8515186764731 5.78658937357428
8.85094412134554 8.69034122800383
6.29344415250867 12.4293628419068
8.52742452086649 13.3513194455058
14.3760263411408 7.39870396543726
13.4283724175679 12.243085583457
11.4143637413526 11.8137436572099
15.0566053102278 7.23775375277698
10.6322226872747 4.1676857059244
5.2526494854466 8.25297226568146
7.91046820809911 13.6072598151926
7.73684657900815 4.83433302937087
12.7442566625049 11.4085699786631
14.9711583966732 9.72582476036328
8.49030852367001 6.39705403118834
7.91773840481517 12.9217666932351
11.6008435049923 9.85779025908833
7.34561884500073 12.5605219062784
7.81864800733592 14.2576103093299
7.24049072057818 13.942166626348
11.9247931264828 5.2133375780819
14.4852349885271 12.5111337597653
13.3765990852806 10.3599262658505
8.10429226031474 8.80958843101049
10.914876513032 4.70036105493344
14.6249157049117 7.8784250633751
13.3758875006346 11.0116135965856
10.0579830749557 13.2141341705834
12.1925261449325 5.86990530812149
7.30240747054228 6.62059068184475
8.45717477921188 5.68938331496422
11.6303176820094 4.66272379565987
7.43733184683099 9.87044346678538
10.4653304441475 5.21044728032841
6.8449511603685 10.7476164302111
15.5799985192814 9.79101665477528
6.23258108127953 11.0340299045053
9.88450439390063 4.08432804059921
6.37526556432807 8.34782204967016
14.0179163445411 10.7511217878202
11.140835690261 2.9172010386901
9.20300156695689 12.3468814954736
10.6795802582332 13.4760628828922
9.54976590252208 8.57154618881245
5.35164326158523 7.5932204508577
5.14926052245795 8.96764801382223
10.8802310585773 10.8021487152484
10.4503122219397 6.34121681879192
15.2840002645372 7.84681568115928
6.32016264426282 9.76046759983274
13.9852950199597 12.101872448562
10.9154289288573 2.39660981205693
5.61335196244901 9.96600289990253
9.44401348016708 5.86545936242717
8.44549414574519 12.351028598445
5.60710234718229 11.3320101438183
12.8328402968517 8.49778666479178
14.9247732620122 6.67464050317662
5.60695998430806 12.6786007743819
7.30899082277452 13.2810906135881
13.9750168763176 11.4301204340709
5.46065293040121 6.82268494128488
9.38794531825938 9.19937902891775
6.14129434213256 13.1035834556022
11.1166607447202 9.36288383252005
10.7488084267468 8.78159443172881
8.57708430190799 3.91541290966429
12.7028795529307 12.0732904858087
9.94686241021567 9.62030585043433
15.3186053609534 10.3907465114607
10.7748459566427 11.4812731122914
11.6081229450739 13.4865819077038
14.7284045078495 9.10072704372921
6.38170198990951 9.02972255846617
5.77736209239446 9.31981770637032
7.92995963431529 12.1881790609435
7.60892910199187 8.40359443244018
7.99101233913564 6.77946972568942
5.87417427188475 7.89417001131841
11.8417992021281 12.8999914896728
6.83635259794369 12.1730829404182
8.66276403441816 12.7994200667242
11.4430008355295 11.2227945828481
12.7385922172125 10.7461756040209
15.4032149440314 9.11091430742772
14.9835778501908 8.48455844076004
11.0747676371907 3.53704610590421
11.8006139889361 9.18008104894624
9.61081831020917 11.9545805953213
11.2271396986236 6.25811942142508
10.5277830016674 9.50516997468837
14.0293464925197 10.1635331460371
10.3927936268834 3.58757933956213
13.2776752645636 9.06259757715257
12.0524149761536 12.2450623891238
12.8602915329723 13.4115453175762
6.98960345838751 8.70336044152858
14.3127069604674 6.96164945602309
6.27740240199876 10.3180874301588
7.35011670547227 7.21176296066765
14.0166770106488 9.08799188055002
8.04221668756472 9.5285060041937
11.4510278396469 8.73144611574585
13.4115734041589 13.3265466824982
12.2197965916082 13.4385839354435
6.81404317049602 11.4569760618812
12.5346300757073 12.7713776804259
9.70218711879174 5.20624884203238
13.6644489812815 9.6466788573075
