50   0.841363363049868
13.4682723225036 13.1876310924895
14.8490813534537 7.10905431667685
5.87920810857516 9.7169456082014
12.2210750427692 10.7806468877759
7.27653040537466 9.48700542472076
9.88002072956013 8.3190045253179
10.3739167976601 14.4772972229985
13.9699292025506 7.82767433113352
13.8975422080213 9.19577414396853
7.02125585328507 13.392608117784
15.1150958395918 9.84375526722414
10.8285431898733 3.80396325094323
11.5449389110703 9.64675965656548
9.08182442163881 7.04772826933584
10.4628245972228 6.13635983708592
8.08324273734136 13.9934905132277
10.6324059586551 2.7552273466607
9.41168657968295 13.3548979069201
9.89937991460213 12.0228066636419
8.30571333829816 4.64053868167079
5.57856165966635 7.42256022209479
7.96173756972645 8.14811370344336
6.93204056720834 10.8436909567077
9.33984675696789 3.77118992618575
8.69267405719721 9.22309837326828
12.1174047172841 13.1277365044422
9.05987390014301 5.91830148771594
5.76513083053688 12.4531517973515
15.1551007500235 11.1839744459823
11.2257638923306 8.3085409551794
12.6045496146419 8.47992528384668
9.85687547470204 4.98723760803299
13.0039518053542 11.8375149225683
10.8666665687316 13.1441949856919
15.2629129070459 8.53040874175283
11.4938857268849 12.0891898722689
6.51080475130726 8.31219615956193
14.3821518343231 12.0393492537909
11.3719503514824 4.91802453498172
11.9804414525661 6.04729980374503
10.7354841564148 10.948536094899
8.38944061616756 12.5537212842547
12.6853954223897 7.11202426121819
7.56924837565764 5.66376108058863
13.7917301070251 10.6305267374597
5.07903385148304 8.85656637821519
7.1240250543036 12.0460615015685
5.71587253212388 11.2250690008689
7.71394113172248 6.79574910861356
10.2146605034632 9.55768620780468
