100   0.508926074680231
8.73435740389093 4.41470904111069
1.74730300763622 2.48606952151972
6.43943031315268 3.60946783126482
0.839777699413011 2.84469913549844
11.166074701061 5.51893360726535
7.99527073871471 3.29753829793922
1.68635648005727 4.91426131487682
9.54912547509775 0.915086483802952
7.41612725228535 1.73542907931206
9.28083746877237 2.26597480797103
2.22122347422185 0.824520716236356
9.90487225546242 1.62880438522691
5.79051723737158 1.97509656984084
9.01374471697793 1.46612939120107
6.13716182479734 4.34077570382937
10.9510745411735 2.78429677583881
4.96135483308945 1.55524746423005
9.62055657043355 4.04573915394917
8 6.54439741622176
2.77450636627339 1.22501648416789
7.32061597009223 6.83513717216556
1.29426304899257 1.1461813394782
1.71315095428145 6.57961536827497
7.89240799943024 4.79115028656216
3.25782842471381 4.91128670722585
0.133720084481599 3.37657673066133
4.35872397502305 2.04772637658435
8.06132295815146 5.6251176729203
4.40180673177808 5.35159078446479
1.95139652070386 3.43504639437505
5.59232481550443 3.5383876556262
1.83249585585543 4.05538765119528
10.0924807427509 0.500452786305686
10.5177935413844 1.09628197816424
2.65679508678991 2.8
4.32463139343252 2.8
7.80319065953819 2.49035464214618
11.0045462513521 3.65003925430204
5.10955885196261 5.30053041206788
1.10661571494759 2.03972650286093
1.21315095428145 6.53786118574111
10.7137955827342 2.00446633672364
6.13452842936385 0.490823549276683
2.58121019315757 2.09442141337005
0.201225681090872 2.41807777284597
6.95554466388265 2.55083264171677
7.30718018424509 6.03413557558088
8.71600229577547 2.79999942846046
11.666074701061 5.61594326520571
11.7570936584557 3.85923453271971
0.269146990031004 5.26806770829717
3.41050978412855 3.25794315327135
11.3223156135457 1.43138597517529
0.475483939723032 1.61112909481946
5.67361913301283 6.10951160729746
6.06804606669731 2.7868925961778
1.8426423688361 0.483987774321577
7.03500869577438 4.33340971842722
8.75349299568011 6.05475853639655
7.83305287337862 7.51923560251209
0.794688045536232 3.79342049899734
7.11871867347509 3.54180569017616
3.49070502335154 2.40836198896711
9.5945152540317 4.69244872545823
3.95888640782807 4.53198702055802
0.15652665323849 4.35187824241914
1.03802778056741 5.60371012355633
10.3425173271733 3.58354495953881
4.29026406104094 6.08196598460199
8.36881136332086 1.98459298912988
5.4008799843349 0.803555365963701
6.76342817277191 1.11518931746241
5.41351166971745 4.41918942121696
7.24650767272238 5.18312834927137
4.96388319405378 6.16526944025008
5.82124843558879 5.24252187336652
10.0330951435468 2.51768572189658
1.92843407859757 1.60624279828022
8.77790356963463 3.69046292205259
6.55425033910433 5.08459466289238
11.1975486277846 4.56884672529114
4.68831440748849 4.45488004035645
11.6273702636906 2.23049622331063
4.88869185178149 3.59287673497179
3.30501550865308 4.10307668725153
4.1399099676839 3.65708486401938
11.7881091002397 4.76916855268064
3.42425895956802 1.76858162179006
11.708890664026 2.99457264621742
1.71566519937398 5.7371414853842
7.89214761214585 4.0665101644049
6.57022772255117 1.96098094986397
0.930114958909837 4.71639712986196
5.19259148413766 2.44709964219463
2.4723511915945 4.57791621730051
9.49907834368845 3.20000141511039
5.916542428526 1.34428895326826
2.67200772604122 3.70024648874504
8.75944478762182 5.16103200739047
7.33305287337862 7.61518636663095
