200   0.348617941578389
2.69165307798539 4.86140198436297
8.83127540340718 5.65756303380476
6.07769201043993 0.339847355731763
10.3348036577486 1.99414504421583
8.66603558571625 2.18965382638924
5.50486707504024 3.37850246531409
4.30097099996055 3.37270589719527
10.9824105180043 1.25919824045268
6.24389628419661 2.02209006365817
3.49094748254779 1.80567417095899
0.562909151468932 4.84847922663655
9.84495971935858 2.07712142014222
11.2367986004152 4.07595924187225
9.71648298440251 4.7971744411625
0.821310395436497 2.42620622331678
1.78815569092881 5.81322103366256
1.821251514224 3.33531812283999
10.5961128039017 0.780101605758186
8.38447064648983 1.78967556717009
1.14489468632286 5.1032960782179
6.46538340104175 0.762855628138509
4.81248609797886 5.383800276282
6.38370000951945 4.76795585145877
1.11911556955393 2.06986014604016
1.74300659639117 5.30086205502004
11.7871830873966 2.61876536372642
10.0898809288292 3.80049801821045
5.7203125812242 6.29194140006439
3.31981814274272 4.83734293410422
6.46502311450433 3.78029778947224
7.26926801019212 5.84863155704807
9.13096843500047 3.40667130382093
1.82410735414172 4.29070749196491
5.13721178247943 6.32838009233708
4.9986440878293 2.14870111304574
1.43816065931754 2.63718751891119
6.13461069590994 3.31136023820197
9.49748218948011 0.973912522932408
6.99442270643292 4.81457389909732
7.75843431386396 6.62034487212061
0.166565785787341 3.72273370969924
0.834544291937619 2.88610337028749
7.82937764902179 5.49143973849489
9.73502141738122 3.33034031012997
6.4983980259272 1.44750695704612
11.1971522988716 4.61932277638698
2.7028141959193 2.60467129674199
5.82788744777297 3.81938889334412
1.67345581606721 0.704600315031048
10.8307910722145 1.88663525358962
5.43500974273477 5.29359829812332
7.9977844569583 4.48241686509005
3.67917905320371 4.41941246162351
2.77965535318771 3.8443091999874
8.71499314794754 5.15179912109014
10.192675046681 2.61986245635093
4.96418213835568 2.69899839883564
1.41528124571919 1.62330540098112
4.49234311477239 4.97384343733432
7.69874310842715 2.697218101851
1.21129206422484 6.72274259626283
5.48259727650759 4.33717630493978
6.09361866044586 0.980915305458041
3.40371575108204 3.89930188889988
6.89095334767443 1.14995151291988
10.6990883380862 3.86966013615293
3.33903305078275 2.77187618717262
8.36413678345736 5.67834250179253
1.72150250160433 2.19227360677483
7.41903054402792 3.37789090767814
2.91541306133782 2.07396215217362
10.1402393547372 0.319166685580603
9.00570578653581 2.65517791775972
5.29762634456151 1.65759277638082
4.77205689951039 1.52057153674501
10.6949498867325 2.51716055375992
11.3770909104875 1.66947357770911
7.10040136054158 2.57374725245817
2.18744905986109 3.80638483070026
8.29400720915263 3.95595149099533
1.99113463357207 0.348493475088617
4.4612609085067 1.91960573719338
8.56465443580581 4.52179231447074
0.761583993145973 3.44618793205518
1.44959228996951 4.7505825151611
1.76737324426739 6.34967356972629
3.6995901876362 3.37989447342984
11.2358934732018 2.28876287376461
10.38463793337 3.32272189629705
8.00090129684266 3.40481101667836
7.21232181934925 6.85175712127239
5.12462392550737 4.84206680777179
4.6189332232461 5.92998190708079
0.858731622903556 4.50688544076592
7.099010317373 3.84012949045337
2.46795900590951 3.32486733017238
10.0715543015007 0.921551714410057
0.239139636226496 2.67344792655786
1.97483750348825 1.65395854634987
11.7670495592574 5.35529263041099
6.0584458765637 5.28761108427778
8.84733491832023 1.61018123066411
3.91735067033641 2.17334605208015
3.34293094877119 2.40985070235752
2.08023914886871 2.69957773924644
5.90855287534667 1.54630315831054
6.11858138023129 4.26971968564211
7.24744193673323 7.37376629089704
1.68125620659232 1.15427767300884
3.98636333786999 2.62219258359646
9.60851151802169 2.6002155911505
2.31874836512835 2.15928120300765
0.0953532070640569 4.82748303361586
5.81432187647027 5.7888625146803
6.79047200065306 2.00193383520722
6.56991467313492 2.57379913433563
5.19096535910274 3.90294288322186
2.55894979413611 1.59614699443218
6.621437724424 5.30152945278448
9.46008310675093 3.84925858833373
11.7769382419219 4.31237354155746
4.85300613949715 4.43824238887108
8.77792069589486 6.23130207994836
0.665469918720191 5.43049090044781
9.45307133687582 1.59179544751092
7.37946226949731 4.37717736258922
4.01034894583927 3.90106280702213
7.3915261212718 2.13384804377856
8.21740442317712 5.04861490220566
9.61568161661338 0.46061609798411
9.10674036492967 4.87713338207065
2.21410105971718 1.09091547472994
6.7501849968256 4.28073947594046
3.10999466858035 1.46316091744533
0.869270004020423 1.46716315541684
2.06312610729634 4.8380260592333
5.23122226746237 5.82529930735462
10.9523300954867 3.45151475172879
6.7920893439732 3.32036131859742
7.79203456873074 7.72023774858098
2.33105095314475 0.688129014669371
11.8045376935571 3.7557964985026
9.78421503003179 4.32056492380607
7.11531766135677 1.55934562575565
8.00533911856155 2.2754566359588
10.4584432718912 1.40376737565957
7.79842891764601 7.15607122462825
7.66086451923009 1.71777380585438
6.03143323026597 2.58347077496572
1.71129206422484 6.80464493544423
8.56661196850473 3.40267369078303
5.7671421359388 4.78670638499758
5.6499351419295 2.10602516373128
7.71059451392424 3.93116764933482
3.04429506759551 4.35298608645413
1.22398611811469 6.17837764165597
11.8008337867062 3.18100787929143
5.60900452106039 0.586087938880205
0.233752758436951 2.16118272926621
7.24019401786266 6.32265210393234
1.20984575088961 1.00239506114168
9.22932180236869 2.11234745750237
1.23166627442343 5.65079612692921
3.96218663028824 4.94364010718346
0.5322460329351 1.82754798561675
1.54342742441472 3.81650833318374
11.2428367070785 2.85604590718518
0.752164061586748 3.94565850340142
4.50081827637041 6.39686002389226
7.29203456873074 7.8096522129199
11.2230617926457 5.17474794929019
11.7653514811547 4.83810914495429
4.45837047528239 2.49685807927361
9.93970312804038 1.4634430903327
7.61420893515889 4.92500069213238
8.84077814307842 3.95788268291063
4.19155179460065 5.53208770634321
3.09721125365468 3.37094334834943
4.28387656779544 4.4246757751155
5.5280302153551 2.53818753290327
11.373516799507 3.47063763901918
4.0839193238935 6.16166446631541
11.2094662645657 5.72132973754196
0.222188106039539 5.43139168198104
8.31153693673591 6.25133772769746
2.42827337497111 4.35379425374935
11.7913391119075 2.06336881182731
11.7094661432784 5.80732602166245
4.90460858936422 3.37609594407157
9.17447432138123 4.40052221909538
2.78109229269019 1.01304301881185
7.22402647265613 5.3601697042216
9.00806684706781 1.10806070852281
0.260531459922066 4.26057329718606
8.36022817227058 2.68290983192978
0.248278305557928 3.17179837332265
5.58832078947267 1.14848750008957
7.80707758510951 6.04412359096902
4.6097919801036 3.89729904420994
5.14206135207381 1.03285852596922
