50   0.721790116674395
7.93188750956281 3.57895795271141
5.8881510339372 3.70497670858656
7.5 7.47944168339018
0.482119000761337 3.93019895813302
4.64085278756305 3.65131724558485
9.35323807858122 4.80386193433117
11.0250297322512 1.29605792405863
3.97907158880103 2.14534784958055
8.97002794652401 1.44531925948725
11.5 5.47944169788389
8.21574580692325 4.68557040176545
10.2827128857755 3.81930552560333
5.4727861120773 6.00702283433579
11.5025865359935 2.35863466643948
9.11552173101067 3.64367364148608
8.60956713873372 5.89292246035154
1.56741322963402 4.67850271976621
4.4727861120773 5.95460632252274
6.02326843692572 0.721414943545824
4.99011476616464 2.65511079691394
11.5000000000303 4.43832509315689
5.03662583495755 1.36944020925186
5.1055127808994 4.74759625357521
10.260948228132 2.8
4.02052511144989 4.78244963552414
3.4834000950229 3.60981661018419
2.1089735745918 0.713516442570835
10.1554398387625 1.94550694230501
6.21752707586081 4.95776648858232
8.91324789175312 2.49522277716442
1.74535951388915 2.29059561830451
1.5022588631536 1.31838763048193
0.517880997918089 2.89026514298588
2.96589879249223 2.66567044039592
6.7953719418037 2.8
2.77297478230321 4.54378134024032
7.0230119342214 4.05490413855831
11.4974025009602 3.39971592268557
7.39041767382382 5.31067942571435
0.511354189844414 1.87808328340317
2.83699965742079 1.54413426716684
6.87204215272799 1.45514849618486
1.5 6.50525037344778
7.5 6.43832505046157
1.41372963181131 5.62183090511826
9.948527946166 0.719952472747536
5.88539955814312 2.10317376312606
7.80849954015319 2.2360268518131
0.375673748833255 5.08368011494167
2.1137029229055 3.57993380338544
