100   0.871677026416145
15.2764047639824 9.72886431099328
16.5455429260387 15.8759239060852
4.74654426995791 6.7011147595265
11.4052500424233 16.684633419736
5.43339759312017 9.12193199887539
4.16075242339406 8.75458135190372
10.3776605822069 17.0788170230475
21.0603449911493 10.6349358529347
20.8272633157601 13.4307003903042
9.00095256949693 3.06298423559355
15.2515434161976 16.8293998892358
7.79941526622273 17.6360766070655
3.72234787028201 13.9113155068294
12.838205722987 8.19791843202588
15.486909304867 11.2531374612236
9.05912363490239 9.59488252956551
3.66305476542988 11.284317197338
19.9672924732275 11.5141622602735
13.9832513348294 7.19275163186128
3.06105740868019 9.84037350725747
18.2104047242487 7.66180944311515
6.9235381196935 8.70392809586869
19.4209338937106 13.0914491097515
10.1536354366934 10.2200187943354
9.44292912277788 15.7087436892492
20.6754237543568 9.13418768307167
6.60623518582356 13.9742834854358
17.5974639772117 16.9194948855993
7.56499435588625 2.97665250488954
18.0500872636447 6.63082569616762
12.1219807924894 15.3056195635633
6.380330603918 3.60465413485762
12.6242496190768 6.66792910242778
16.4205350007898 17.4345166998926
15.1431050828854 15.4089393480579
12.0194705458564 5.28448413698659
15.2081488318283 7.08015198605332
7.14027457789971 7.42902157010333
5.02057567423874 5.47686614351046
11.9171311602897 13.7519340494025
6.27077967486567 6.39607493988968
18.6246171991925 11.0130166028044
19.6755677471554 13.99233995312
4.55040491394179 10.1584959714082
15.9413846733308 14.3336377860957
10.6645457112927 11.6927961298533
8.27871782708673 8.49217404614404
7.62500160404837 9.99930194728602
9.31420424952674 4.25981124451638
2.33253487406364 11.2108771395715
11.6149605851626 7.8846707018035
11.1790599432275 6.46963791045781
16.5207109753393 6.53908768800248
12.9493290928462 11.2480609485858
6.25970902216922 10.1705317568428
10.212899677167 3.31692421729047
10.7829794751858 14.7327486372731
21.1553461199716 16.6057582624961
13.7184293890004 15.1694096032217
22.0605139859228 8.57421349010063
6.67447565946531 16.6262408018302
14.4151066367152 8.49775337408963
19.6421013032655 6.74844130174516
21.9582504881309 14.3197601505821
5.59898674796132 7.80713663041107
22.1920312051278 15.8076469073358
10.7171018650572 4.8769080698687
9.24621234034734 17.2962814750616
6.53316817681803 5.0380209833517
8.00029229850671 14.8391470457404
9.39049733116359 14.4076601079389
15.7906902291629 8.45911534237965
18.6312259750751 12.4487000431194
15.5257253238325 12.8355527848581
18.6440100170363 17.2498568282433
10.4774959862787 13.2582530250161
14.5173472032508 13.9363633507802
14.1845380189027 10.9128161761108
11.6494202534034 10.8371594385135
9.13245081759575 12.9003397411312
21.0465549310925 7.57957970909336
14.3049891156253 12.2996201183895
4.23145331362061 12.5354848459914
20.7716972455262 15.0744029683804
19.9941923969054 17.0889296178477
6.70375484255466 15.4074223411526
12.8448935467094 16.4452004871505
8.16451619228816 16.2136221930209
11.7981556025478 12.3643421594405
5.16450879389875 4.19030466228277
8.01164508738533 13.4822308188439
22.12274496783 9.86799102349359
7.81590416313075 4.26525870068462
19.6098475772434 10.0201797765042
16.7733189998051 7.72293255783
19.7773060712789 7.82364153591334
5.13818235606074 13.8667767016114
11.6004948361893 3.82827117257079
2.76267539370565 12.6562294078237
14.2453548023965 16.6357155189878
