200   0.603625512552641
8.12828432571907 15.1268239183329
9.12135159166633 2.75619399518753
20.0159139515895 14.1527731683606
15.4240966460941 11.4779406101162
6.06893162645563 9.95208705552664
11.2618849184827 4.92957712234344
12.2140275279479 13.6835314574096
2.7183077302849 12.5165442890571
16.0801589894233 17.4534656196591
19.1261505131022 13.8465073748417
21.7475894488402 16.4529997162566
14.6332995027358 10.6548007146812
15.4214837124695 8.53174661896256
3.29934711881231 10.8987591391528
16.8344765497485 16.8834656885607
12.5381689671468 10.7277042914385
8.25364136305194 14.0526087532479
11.1517776318777 6.65659258108935
5.88607439959442 4.8802938611123
22.2037344896886 8.33528090022061
10.1169406219295 17.2409636764532
17.1910579939569 17.5338868584995
6.8539549684468 9.17081788877023
11.3622467728079 11.9420934145318
9.05100932513158 16.7848374002602
21.3861080992175 15.3953017612494
14.4046311769301 11.5654093523393
12.6734411252052 6.26377491428283
4.424589494912 5.77772428907353
12.1113464258381 8.1466608914392
21.3736478072478 7.84158715091191
3.41456136928055 9.19186853593982
21.2512657362328 8.84682386196108
4.89660250927119 14.2618867246453
19.5779330713991 11.0263763785989
20.0806900010111 17.0187522318547
3.8031982263736 12.8278467181011
7.32132470633475 14.5379861855777
6.4874291389961 4.01510047666962
20.7704928467554 16.1584977067101
22.1728612887539 10.1107413773867
15.625259651242 7.52187593394986
12.7308502998542 16.4287599158068
9.00495065987662 14.7446642482945
6.55120149557713 13.9327781932538
6.3007064164106 7.51693259148439
11.7181205068893 14.2142534839029
22.0907832270715 14.6317142285866
15.9817041600046 14.558964943009
13.6750581720571 16.0802953737959
7.50145834285321 3.78670777523871
10.6913238060979 3.99021628150797
3.45620553877968 11.8783569279089
14.9441303975125 13.36735670914
14.8222103765169 6.74790316867441
11.8050698614228 15.7669933115389
21.3751069411927 10.7353058823241
20.1948024146717 9.31118578321605
4.04444537762477 10.0207754972998
20.5313597915333 11.3703244305007
2.35723968463971 10.783550852631
5.37100520685567 4.09235696475616
3.00660205429755 10.0485076677451
20.4118883467456 10.3386466871999
15.3205369270554 15.4560524982428
9.86373056532644 16.293749481616
20.6752853719641 7.42832126328562
9.63015225442491 3.66408759634972
4.82797385768196 13.1914201503774
10.8198024476166 13.7407881877206
7.33546562698433 7.43476737832167
8.0300542842609 4.52477622685656
13.2971598479039 11.5031078376241
7.20165142688765 15.6158525755555
17.4778995755286 8.03849983685095
19.0785808087332 16.6992652953678
10.6170119844597 12.3940584656957
5.71992921255674 13.8715493102171
9.2244381616586 13.6907820402614
8.95588218544535 15.8263636182907
18.6016499801491 10.6150742175131
4.98106684764461 9.54221791036158
9.19946473873405 12.6182133429128
11.7270833081206 5.93761761284181
4.85107145593876 4.85840213314903
15.5169510214131 10.4359934037091
10.6779439024679 10.2403084238061
11.5037821869046 10.8661680322423
2.52185246927163 11.7555686808868
16.9207365750375 6.4707246738166
18.5196760388126 12.2285378934511
15.0866217862299 17.1902469503941
6.23520762549727 16.0480974258161
18.0364809584568 6.27090984238972
6.01298164403872 3.32478889330575
12.2982131710856 5.19993571307077
6.39486449628159 15.0224819924088
16.9367585581315 16.135829981492
10.0897895553295 13.0939403268754
15.8690981557045 6.6092656230604
16.395758496014 8.30427459225603
14.9521488746268 9.61715479968665
5.77385900037466 9.08166518374362
14.2176192011988 14.269270345696
6.95705582483901 10.2383729260962
11.2753128931326 13.1199639172265
12.8986682553022 8.55875870686709
12.1074478007793 7.02306635409778
18.9850932392364 12.9455098418803
3.11122979622564 13.474828320921
20.3871347524974 8.37820354464841
18.2470170091294 17.3699538502431
12.0013219062081 12.7705057070152
12.9132590406419 7.42817316448782
9.38243168549777 17.6643744782761
8.0873626456265 16.5812255383128
11.8141767663515 16.7590523278153
22.2544611544658 9.27986010470651
19.6008968611603 12.0037832853013
7.93590369162741 9.08940383676872
21.0656053758141 14.3994092913752
15.8153572634447 16.4313326813279
4.1832620985575 11.0513901564778
7.39896418865797 17.3865731295041
14.5687345455497 8.69918369269499
10.8944720573932 16.4611749654884
14.0532906951771 16.9950565912566
9.11136105700588 4.38520008961999
10.5816383226546 11.2385192355396
17.9152528654799 16.6202416603267
9.7285154923155 10.4995929204034
8.30827704717565 17.5978599577997
6.0613931834536 8.32362128958629
7.39173100976615 13.4865876850485
20.7673434556195 13.4310441680371
18.8803492536633 6.85125803598555
16.6737672559391 7.37907413191883
14.4404902045397 15.3344749225906
12.7418239171921 15.4470136174652
18.6400701920721 11.4236250440786
11.0179058191097 17.5141437697048
18.5753621908 7.7198812219851
14.2369236173327 13.2206120916158
13.9140650641956 7.09179907541962
13.6738744976414 10.7236061562296
5.31912292397148 5.78185274559393
4.94264873611974 10.19728831877
19.4481383212642 10.0027284530383
7.85732695541989 15.9978100570432
13.6457911346139 8.12482646457043
8.12459519950295 8.16454764717824
4.25729241724999 12.1768359949738
8.04244244772294 2.81461182069
4.30631965917402 8.91834925113355
4.0293963332631 13.8267653411094
19.3233554209636 17.6140206076654
10.7458636320765 5.59150455645599
10.1634624587997 4.65306402712918
6.92838143904314 16.6933743309068
15.6758392386477 12.4826190238152
13.5161303307224 15.0115079907678
9.77555691939989 9.56349068462004
4.78311606828566 6.7824223858027
17.7564343418824 7.1286289254481
21.7232733904562 13.6276755255788
5.04378141621015 8.3844402817802
20.9880379309985 17.1913165362892
10.8275739325961 14.7735857769413
15.8622508989406 9.33788516756407
6.35385725059954 5.66016264212611
7.10070325801255 8.32862865554103
11.1852464476521 3.370688673339
12.252647907168 11.6701199886976
5.78523293995955 6.62114119371192
14.6530879583744 7.74392485566421
10.121269478273 3.00683083555038
15.0807505840809 14.4042973152519
6.78632474494399 6.56509286482141
7.04798091546296 3.01008023151759
16.3126235377215 15.5181145693651
20.3719740706091 15.1344773822474
9.98282791813504 14.2194398508059
14.7395364774394 12.3791126294644
7.00272604714323 4.80107074253308
11.2974863427108 7.7017274612936
8.87345211332103 8.92354342435751
14.7621236229451 16.2338142532168
5.23801096692003 7.50485823686283
8.78134160201722 9.88859689541753
19.8585974434627 13.0613040645555
8.37164968139587 13.0362390686096
8.55290555975456 3.59455663624451
19.8397371341024 6.81371906138266
22.3470329320909 15.6362885971538
11.7915734975453 4.2803794220603
21.1942417788212 9.69347301251967
9.84731671238048 15.2444595704564
7.74210940403132 9.90113445232832
19.6016607068873 7.74502280850471
15.8129274404919 13.5290253411224
