50   1.28323673761415
22.1181361347844 15.0389880877337
15.0141361680414 11.0938847490348
12.8573791988339 11.0538150598237
12.3151403860148 16.3674910035269
11.1574048320973 4.44720924419838
19.1030470465908 11.2955916209478
11.6496338856156 7.73420507498829
21.0092322893024 16.5537848451083
8.56786452423525 9.25051596974906
22.1305573182127 9.06490897859897
13.4402260106597 7.92495668158681
8.67743859028893 3.51691343723296
13.7609094750227 14.9893968733321
11.8652740382467 5.94327174040207
15.0378721370081 13.0205871223032
20.7442760867952 14.1555591196824
21.1951362506092 10.9188083458503
16.8170611623692 16.9554060892229
4.990930910119 8.70676220190473
19.8160803723131 9.1328961287923
9.95746353117586 3.70699915924388
4.96957065592154 4.6666255190174
20.7163981374576 7.61310155203221
15.1665417232578 6.87597778061155
6.68076428532045 3.11434697664862
10.4480306606689 10.4749600460804
7.09011684165989 5.22929032261066
6.6212524162204 9.87455107139821
19.1505906806021 13.1441382712342
15.5280915379736 9.06922998838168
7.06285161862932 7.62874911027281
5.33988536808031 6.49097062928687
7.95792203784307 14.0395021092614
15.9358077922603 14.9477662059564
18.6121831269552 6.93995260315449
11.5368377802153 14.0027906010165
6.03947035874415 14.3484280016702
17.027404795357 7.31508071136209
8.12382444667608 17.1920312611318
9.21153763315555 13.4430575919914
14.6944932151017 16.9217619792429
7.19995579590522 16.1030854369288
10.237275509197 17.1256826906148
18.9780983336231 17.1382574041277
11.3860766521616 12.3586462354951
2.95618901879061 9.75451857427834
9.47902121528304 15.1895773771984
4.02364164358997 13.3847761023357
4.54456984267853 10.9488225991865
2.70503917073968 11.9763230813103
