100   0.41690768716383
0.25543811443395 3.06157962229918
2.79186423267841 0.850901562442855
0.284803058690159 3.69553460375755
4.49602790394904 3.81676803509784
1.94426835314921 3.14616340522203
7.87961938229372 5.1266061337631
6.20970196888084 5.74725448833046
7.73381840543397 0.842293657746837
9.88255310270483 3.06151420503738
9.31892246400821 0.315102725626275
4.47362229068661 0.230790373867747
9.88255281611978 1.71555871027522
0.795255533507018 2.12862856304523
2.62423958231863 3.09913142655689
1.68985049592614 0.6158180768375
7.12380392095795 3.26090813123729
4.8904691094358 5.77296639985808
2.19041094379176 0.980344252330913
0.196302673789203 2.36428945339867
0.199701487901621 0.365966285346076
7.00274815327515 4.4069397564851
0.909447826571899 1.48261061897271
7.52586555237539 3.83749559642542
6.27044021220103 0.834717019707231
2.08330869746992 2.5091545815741
8.70298710663337 5.70743327727541
6.62325337575749 0.205681000240898
0.784803058690159 3.64292536527651
0.202439248900979 1.63202985774316
8.63836005223538 5.20743327727541
9.68168188691677 3.73076850507641
7.8904777752449 3.25341781248475
0.771995730949939 2.86952717264871
6.82882598441211 5.69814127640803
3.0266771006778 3.73691312350219
4.08213989182586 3.24261187202631
6.98154275296924 0.845594542042591
1.50522534933017 1.96970854307479
7.22674605377384 5.0410708621082
2.60681476486926 1.60379061395293
3.05196238259668 0.210377070935942
4.37475545404595 5.18267558333625
8.03182973727235 0.178152233387192
3.36861186747548 3.18323327668133
1.59129543679015 1.2951871700442
4.1206084182748 0.862561733351681
3.45204643029138 0.839965064656769
5.14978226058884 2.65818950262678
9.79595508732018 0.363562491664197
8.39604202481863 0.851165944384921
1.00588764379297 0.805711259550558
6.3733039557221 3.25602029719148
3.73581820717664 3.84179933608127
7.42070027095534 1.42695741833662
5.2508659651794 3.82928794810482
4.84988757935689 3.23386515933577
2.06328305835688 1.76601067470687
5.60830499221387 3.24612250119895
5.14439934986876 1.43374073432681
7.44868278413196 5.74821868115154
1.38055750527119 2.59928315869855
4.83973916338697 0.854710690698993
5.90271368626642 1.41988486331066
7.42592880674056 2.68407270822326
7.32039787148352 0.248834022349826
5.90173734838607 0.212178219929187
2.6156256967006 2.3471607870429
6.66005351330386 1.43151728398453
0.319507301398567 0.999751710190211
8.72734563754057 0.268910754329515
7.70678920828129 4.43107916977398
0.699701487901621 0.289193380987144
5.87996567753918 5.11540040074428
5.54677829838176 0.837553590694926
9.08086444806328 0.968709593238695
1.34444960748223 3.32704398933018
5.55913980936748 5.73157990868631
5.11442931793126 5.20160995402612
9.27870108941815 3.08931201880186
9.28872010067366 1.67845335737804
3.7691600600956 0.214885318323738
9.11744877083318 2.37922906158217
2.34601348053739 0.232565455034689
5.18184152783942 0.208511659323749
5.91194915139789 2.67918633539888
8.09347465867177 5.72403615032992
6.76446204013298 3.8566587021128
4.38103885142482 1.43082135688438
6.01322633652617 3.83301676017547
8.55948516168038 3.24411902448481
4.27040051663062 5.68267558363732
9.68486891981253 2.38853642084835
9.01436306924775 3.77194182997754
9.70461019017113 1.02133048152979
6.67012152489042 2.6675994572795
2.35163101024227 3.77601863745136
6.30817907757456 4.43536590300662
6.54484360710577 5.0504390695015
4.38202582730531 2.66693797208027
8.26446455379083 3.8855755097872
