200   0.290675119272572
0.228116540375809 1.52624682242277
6.95561677149188 0.591522378832109
0.0576308847105197 2.93492136331042
6.0389208504057 1.45134125827857
7.44855940785576 5.28094497388028
3.75079588819062 3.9031167747587
6.10357791148605 4.96370715808356
5.38364756690102 3.08606268222519
9.95800724809867 3.31846004942781
2.89506838792668 0.599732687796654
2.64784033242884 0.172427841813387
6.56924337731212 4.4007661658119
3.13833429093938 0.136777134843094
5.09632082649632 3.46139519695029
0.153862222379283 0.52878738631852
9.07907303655211 1.48208776193888
0.754138866002904 0.15506233490305
9.92587856270908 2.4416373926797
9.27405751552495 0.163290502159171
4.02961791023366 3.49766909496616
6.37788073979604 3.12272320700573
2.00551784435994 3.33992682562793
0.580662776628666 0.57540796667075
8.73150855532206 0.949142241708058
9.51092942149336 3.34203312657208
1.31239261729378 2.919090036777
5.54096280341037 1.44866523363484
0.254138866002904 0.141086717131281
4.34995443040905 3.08936143062348
2.57474808236196 2.49467225424642
7.69525318537725 0.141366093035062
4.22347933952998 0.986557410016941
8.25847743115764 3.18785318666361
3.40805495099864 0.508938668070668
9.74851940729684 1.04194334757631
7.08874778299326 2.6751741595283
2.57016265127372 1.55178072795953
5.6128157201633 3.54279935262464
6.00725402055214 5.39646314276938
5.17369903292274 5.9346646394475
8.77639958160742 5.50975767543423
9.50611323532257 2.44102171568598
9.47872675229821 0.611376080497368
7.07098952803062 5.94766741846463
1.53721118395242 3.31680227765493
7.00944942634156 5.4817756421887
1.97808255118728 0.685139640608908
8.52589986691845 3.52186261261219
9.75351299098545 2.87676874030149
8.35217407098389 5.7526090763608
6.86340736660178 4.04321086029021
4.95204755730391 0.580452943219929
0.869305813524779 2.00035739495581
4.44486994688934 0.581879463127976
7.56035452405922 2.66450550251021
0.659854222254128 2.49549403910055
4.56689383536167 3.47127648827871
6.16113923570735 4.45019074415224
0.0554018172655234 1.06074790601269
8.47582010701167 0.495575026787132
6.69465483118946 0.151626992480356
0.00431620997154113 1.99704224313609
0.252705317980144 3.85636140158749
9.33987703407183 3.82563765997417
6.13284635240929 2.68057617893388
4.86064863588717 3.05739303797738
1.53291298746225 0.688719035335904
0.227312623692917 2.46885097346967
6.94890818314273 5.05419288375073
2.9690106441957 3.44182018512648
7.45756890769861 0.581262517486522
6.74331631985687 1.036050218813
8.85675991434255 3.85262559671412
7.19195948386339 0.149453903416366
6.50057576025038 5.34759798703583
9.94294414948492 1.47273595168372
0.459679852381968 1.99813773379324
2.43167670521358 0.667108017727474
0.858303039065662 1.03535112410555
5.71135367310258 5.85941631674328
4.29180237229375 3.88498498442887
5.65047201089328 2.64026521668916
5.73595711031406 1.01454197790684
2.2557086652909 1.1449516443227
4.65708766234457 2.65135224920436
7.49263068859244 5.74295285321256
6.52533735916302 4.85050643937271
7.35308615105212 3.92852810950074
3.82474050328611 3.10207609742875
4.57677537103143 5.43117818050654
9.26938352703961 2.90643503725366
9.75726626254618 0.159913571027573
4.1969472465571 1.38621552038445
9.96193550266667 0.60799915753887
8.75866373098688 5.1620148702641
4.60805156061542 5.93117818068523
7.79041553327238 4.51206641477793
6.58464951813221 5.78946263271307
3.93201213554054 0.546002536948073
2.07617214805586 1.60975103034718
1.57050614285698 2.45498064473219
6.60870701767271 2.65148787609387
5.86743253553563 3.09635399295305
2.47823256626725 3.37350148530095
2.3428564459671 2.02089077618713
0.661294268633753 1.50234934258292
9.54703905703035 1.45103401964666
7.56303158049655 3.5847190519723
5.88961612567436 3.97330301950188
8.98817957710771 0.556050869886047
8.21937438574969 0.107320408826007
6.23811274271154 1.02452236056539
4.20446269345121 2.70660838829561
2.20691518440568 0.204152224176807
7.91395538990037 5.9459669870267
7.93054128998246 5.4416918125144
7.9482112009428 0.538853483854279
6.46089074056656 0.597834532489082
6.20135449084475 0.155939306194559
7.55455511001928 1.44427965652602
2.77295229366633 2.96780774155162
5.49603649347245 5.51145242686868
2.08221274152275 2.42678325476286
9.79041229234018 1.95916394778546
1.81261593493914 2.01324971451737
0.580886849235149 3.42440158755351
2.79380709594261 2.02034159464824
4.18363498488907 0.142783914343767
6.35019052588969 4.00240820918114
0.405972141964225 2.96509911318773
0.75270531779615 3.84723428083817
2.69714424750418 3.84884944053038
0.154127328463538 3.46627444884507
5.95695404902296 0.584384265855283
0.861150450809074 2.96659388525166
0.401383247051122 1.0322674793512
5.04751186893554 1.4440169000031
8.32340018168271 3.93285952269012
7.97683407639529 3.60426929923523
9.44951419215271 1.90033270327429
6.82215067385299 3.1167467006408
8.76534431428857 3.0569131709303
9.0459013100414 3.39085867958304
5.01494973494651 5.60279401618464
9.78622457452002 3.80304294422967
3.21108559740242 3.88202195178691
1.06114664445093 3.41029764036762
5.70021768033621 0.137994683011229
3.71491233000595 0.937400287245807
7.05289744961192 1.4627154958534
4.13154444751616 5.25920661821146
1.30866870882347 1.08894429251139
5.15056438621832 2.65592574738152
5.34770925342352 3.87510369141159
8.35009429656202 5.23775003968889
4.74247184810809 1.01062141603631
7.30987564931063 3.12976432644325
5.06942446004587 5.15848240988912
2.22442953431164 3.81527478192584
4.82199468312073 3.87672490398148
8.25001773447608 0.926246905453778
3.49439838047157 3.50077008833625
6.60445454297542 3.59784114474967
7.39757074007098 4.83686860061621
3.66263202979462 0.112994782455508
7.78134417430889 3.11908681313769
1.80821090530319 2.86744187716103
2.28217421693844 2.89948904114198
5.24087316031892 1.00725041325728
1.06126699883694 0.594269667391393
1.09344526323914 2.47258149459914
6.11248956717542 3.52757679224805
9.23146156339068 1.02654066520408
8.76154727087123 0.102415062072754
7.24271541448694 1.02169239171469
5.45766387124326 0.569802196066491
7.06997634315697 3.56240293685131
9.13371394903679 2.01989511583474
2.73177430084327 1.09127408912019
4.16282063710969 5.75920661821146
4.54442140075844 5.07310289878376
7.89264957423341 4.98359069094376
1.09466229305916 1.53155012862206
4.59806418477092 1.3931020578187
3.22078047586824 0.957216085816391
1.32305430041356 2.00734735610447
1.56540842564144 1.56293247236983
5.58286545732372 5.10824010779033
6.97040762687102 4.55493546949994
7.81955170260126 4.08277299725667
1.80061692881554 1.16124283666525
9.13072048021933 2.53761240825357
7.32448146879926 4.3388638263891
5.19039830409398 0.141357395364591
6.17500299992389 5.79822280462968
6.54269531683531 1.45864433503322
7.74437307452091 1.00325655454181
4.68661704904336 0.148645725203136
8.75239192362642 5.84774280517013
3.28562551795264 3.11501501899223
