50   0.611364266398828
1.39808443282884 2.97012289318977
9.51912437156003 2.72667134556104
4.20297571457922 3.86878440513603
8.77070589942741 0.405682506625781
2.39213113533951 2.68340708707142
4.19834571259089 1.21179322422755
0.155551892909262 1.29485288923024
6.73647931192134 0.340492648018653
5.05541271739639 5.5
0.57887565366285 2.08274214811698
9.58388704640674 3.55209798100987
0.5 3.64819572138367
2.42720621559983 1.74343262506486
6.26593339591636 1.30330073275252
6.03686038486718 3.79368078935238
3.20535392613965 3.53808858629208
6.55905899833306 5.73664658712985
1.14114452841613 1.03504678192115
1.87944666479436 0.92183938362706
7.02793552581201 3.63184676044491
5.13072860882139 3.48575673219199
5.20101531795808 1.29591426842603
5.707270616811 5.46733310109278
8.64819576044101 5.5
8.07452009217439 3.45657696092763
7.95501115566003 5.49282579945567
3.69696542952443 0.324608285734277
0.5 0.351804279052885
7.2240858071018 2.70515621303688
9.61403830605559 0.474130611371947
2.29036742856588 3.66973522531212
8.76119853273849 3.54342303343561
6.55173472330823 4.66725281911832
4.74957736922079 0.296699080329366
3.04334242106432 0.972487932676432
6.17187750857231 2.88328860881704
9.51912430904323 1.32578583926079
0.339399147559105 2.78788926097332
7.56452211781802 4.45402095690029
7.36221225524787 5.44272543347564
5.12008321392932 2.70631472910668
7.3002380089652 1.2478576788041
5.75641438100138 0.388206596536126
1.46540226886318 2.00516967623419
4.10189656495461 2.92165737077896
9.48087562855452 2.02622864110261
7.77879256734741 0.296699260939578
4.3518042388896 5.5
2.58944810347748 0.162225738744392
8.41881666210247 0.933438616979402
