100   0.53861739755344
10.570911294544 6.15830172968808
5.22609714028658 3.16481174245026
0.575763424383685 5.20312277639548
1.85423573386977 7.65257943345948
0.499846672636687 2.17448903991981
8.39814096342869 6.88011816888731
3.50068075348722 7.68970401214637
10.6776947519463 2.28905993001553
9.22258694714269 5.12461263598386
9.49826364094773 8.07911888857856
7.8197974736063 1.306138665166
3.11459746559811 2.11420869840399
8.94378002267012 0.348031781286449
4.37483744582278 5.88678880278177
9.02696938214727 6.15302739211888
4.83464726051686 2.33705053887559
1.39455804453988 8.330113169274
6.04064061546136 7.53652020572041
10.721094292223 5.31323583392072
9.42423971494227 3.57042408916287
3.47348813293479 1.333880639801
1.53282162514075 5.27179682666402
1.92327165968984 6.07297525981595
3.98892712473696 6.78601967964169
0.115912880559726 5.97294572829056
1.41100294743905 6.8600478105098
8.37239807623938 2.10964260570386
3.14558484488805 6.87467954500042
5.73495165383088 2.33075250235802
8.01289530066188 0.345973621396095
5.07879383780528 5.92636769228898
4.86206552726314 6.68246322566377
0.507543283270463 6.83924197216936
6.06211399091886 1.4356625427638
9.22119414140757 1.7556719838151
6.98318084841694 7.58058555784671
4.31102030799959 1.45408537515215
4.72810095008015 0.756044092870103
7.5573996132715 6.78159952712069
7.21489546334076 8.48303570652901
10.3578456836981 3.95238772575856
2.71847808069321 7.77767364628002
8.60931752448868 7.83382085628508
1.75645727435473 4.52333069055681
3.84488864176113 0.533778192351365
6.37716128083986 0.716320346603252
0.828286968009608 4.51284271815984
8.86792997028949 8.65357632356357
10.155515481694 4.77502502663363
6.3311236099599 8.2834330760659
9.98767398448456 7.62361128390052
4.40224206479616 3.1417961205977
9.15144433262489 7.1499943495652
1.53900311053013 3.76436793663089
6.59727679578784 2.24478730480689
2.68860145412279 1.21714282477177
4.35309749518388 7.5707217028818
1.39769706298398 2.1657500648609
6.98985689186591 1.43895562014032
6.68736217962578 5.93859580199578
5.18388121703888 1.55032245978287
2.27943459422606 0.432123940155068
10.0318608395696 3.05231057624081
10.2243855155834 1.47636759014346
5.26585526786074 7.37456199709412
1.91980617292791 2.95320314987183
5.89131857160828 5.73754480303099
0.861957336391227 1.45793189758467
10.7893914957824 3.25935209832035
3.11535238334266 8.63655736462566
6.02601321757538 3.11660009180166
3.96478383677188 2.24612734132888
3.91638688122322 8.48678322454744
2.30099394070543 8.56254458503887
2.33720581984694 2.14099545377775
1.00099388995791 6.01908541136832
9.78789625862793 5.67959338579316
2.36282143562057 6.86528606757833
6.63309428751044 6.77151238603827
0.866542614253964 7.56136041608413
10.6443860550704 7.05057662120793
9.78478887583082 2.24717425571288
1.83599870080965 1.35227723118362
7.96988715881588 8.6229678373009
3.09223799032231 0.378262436577075
9.59805396354821 0.95178278892782
8.60108074888801 1.14236211030793
0.581947038650757 3.80854963403014
7.24076303717033 0.512792975727073
0.997089792780816 3.00438743716268
6.70215814208495 3.05122508161111
0.123255000246502 3.0458719448036
9.06924245697309 2.70441855940489
1.37921379332184 0.694794709391051
7.53643535228626 2.22791614866629
7.8228628742814 7.68766527733404
9.39522730275622 4.26821059133004
5.83705064320268 6.57046136926545
4.82666129593306 8.20863716887587
9.80971622101147 6.65004673114668
