200   0.37588236561965
7.02617638348635 7.9447670684736
5.46031540978 7.38204321664543
1.75768570810703 4.14155740348189
1.35049117724868 6.37429482457148
9.48321813044802 2.03781011446286
1.76413008747447 7.84215950483224
10.4700331626804 4.92341829339784
2.36744619746074 7.83903354373404
3.72141590264637 6.7131034252275
9.07265372097632 8.57358340022907
7.4176433246479 0.133300237902856
10.8056979015616 6.10468599325449
6.75589021429187 5.78582855828675
5.89825633063556 7.91376369331765
6.67937644515423 6.26784092885073
8.02418731051796 8.68706445668702
8.11901020404854 6.7857431333229
8.62782808189513 6.76696460647777
0.805763131329666 1.43685192981191
7.61784683730144 8.0871273981904
6.0101007945131 2.71491022670918
5.97552212566944 1.11215104204012
1.77285738882483 4.7283988786611
2.02500932186372 1.07575454633904
0.593398252384751 4.09189057241502
5.09364093842583 6.8321224721807
7.3932457438419 7.42601371383161
7.6224026333075 6.77853707611364
2.69740007452262 8.25407643672739
7.0943038938656 2.2836637537981
0.593933296822243 4.74405583752952
10.8029770701065 3.80144287975771
3.0448732613809 7.734855535745
8.1625536348762 8.05817185532737
2.19821173821405 0.380386305839316
1.19621795681485 3.78034454220265
9.00282928428318 7.35628155311742
3.25521059515291 1.83306410780986
6.84574578067174 1.69580042998656
7.6816883090916 0.664795130822637
10.2320044621764 2.90234309930034
3.72051524284145 8.79752896488404
7.01019956974388 0.536804304866218
4.64264048613419 0.649197241504666
2.70408312606742 2.29386946652966
9.74577436498006 0.973719105313095
1.81329809406097 5.35412410730091
6.5285193056212 7.80369631988884
8.35189098385307 0.782564907308618
5.0250324863321 1.17191135449476
8.84610939928603 1.86825792137382
10.3151713425913 6.21598502085634
0.745608568072448 5.39620266439608
1.15632406399296 4.4057604589666
3.40553638295292 7.28533451593722
1.77216071590949 3.55524558993127
1.15283849562835 6.96164303668744
7.91941879425173 1.25040131051622
6.73274526858586 3.23568494453197
9.1585534792463 6.08008764378293
1.21193274673521 5.01935188257485
0.757209065983165 3.42188148436969
0.191365288567749 6.5662881679117
10.7419542886436 6.78907262194722
9.73939586446685 3.33402246246217
0.865152118973631 2.15716643040861
9.16537555648095 6.75844080750151
4.08482561831009 8.39156082555308
9.24849870144886 4.32616837998774
8.6925434677435 7.99728809549831
5.06789949940044 7.85682186707422
4.14145380735408 2.73091503457069
2.10032699583225 2.2601773606259
9.78184697919057 5.83019163319206
3.85330940925814 2.15184608896926
4.76707139469888 7.31147882043862
0.259336631837909 5.92221006183327
6.15923216883675 3.28207030534319
4.60787044216325 8.31977020017808
6.21701026568189 5.73323400979673
4.86767300781808 1.60347621820866
1.87373614730199 6.0344010771629
4.51453335157288 2.20831450129765
6.79338726537516 7.29085944011364
6.41987413108513 6.79068955199536
9.71167957742115 7.5465988241132
3.09012631003261 1.29626267877864
3.10896407894325 6.72268847910191
4.3324322824778 1.11406542029541
10.8328654716957 5.40950541562556
3.48492891193421 0.222776816133423
0.484245118329844 7.11937708648508
0.80427144834143 7.56172277707145
5.7442169458373 6.80770174476217
0.680639011795885 6.53036338536945
0.362836185441634 1.87412239191266
8.52362546412601 8.66090540438013
8.11905350682806 0.197915962252215
10.7271850334283 2.48031688237894
9.22203730140935 3.74085365428721
10.3549169258175 5.55770317910592
7.1113665089444 6.77275221016474
1.44808344862294 8.44266627364385
4.07029604274946 7.23987580331729
0.222589944747611 5.26116245339533
2.59362096837959 0.810876948566442
2.74263459505948 7.26324146505461
0.916444911488338 2.77029702183825
9.24879266014592 5.4575203300786
4.96139270637162 5.70479477551127
7.4833590883407 8.71959745474567
9.01510832892898 2.46156482621977
8.5954266185571 1.35967266558086
3.04282316578101 8.76125693618177
7.24727499753042 1.12387900648756
6.64607271933808 1.13949265269443
3.1724480584974 0.678326737214028
10.1760609996 6.816810875503
4.12286099259144 6.23934374778888
1.3430571968337 3.09819178528248
2.80794679695596 0.144769194708643
5.52012584526819 1.56492976189817
0.834101060853331 6.00561965488409
9.69332067060252 6.45199252700838
4.76111454144587 6.25212277286932
5.14622824458988 2.14088357207344
9.63772288557207 8.2627161813141
1.64346371821195 0.58581052241546
2.58722955581223 1.78354641646239
1.34844004052721 5.68363251262141
5.39473106665435 6.25660077407241
9.64208647204864 2.67613155600753
7.01560039354793 8.50686059333612
4.3114676757541 3.28958273130093
6.10512941388501 7.33912973708207
10.359716407673 4.26378677936738
1.87784256696372 1.78434978029223
7.46714910087246 1.70605946534759
9.87015877625491 4.60305543083523
5.59941292449366 5.69253614026497
9.14641206043443 3.09136499234206
9.84679739932013 5.18713622934467
1.31294033459925 1.82154970495716
10.3170201996202 1.24650733756134
2.46880384415272 6.66578982842501
2.02334163752176 8.43818647824492
5.37639466536938 2.71990489542879
5.55640127831188 3.26906217495168
0.300484813024658 2.50620500481272
5.77200184486701 2.14802182923995
9.03014058654082 0.900532760077973
6.0207619244912 6.26315264046773
9.80620750684822 3.98978608521658
0.155345119244925 3.69201379423223
7.7158805198851 2.29367063332598
9.93040010661474 1.61984864986312
3.39705370335342 8.24211728823805
1.82900387765532 6.72317754968996
10.3794150086981 7.29894037116708
8.76012499664902 0.319388617575299
7.89609384284826 7.43900463617049
8.13664137433894 1.82155710100355
1.11808123275914 7.91760961613109
1.88747192445168 2.89764280752532
6.42211621577984 8.3600313390013
3.75770965660778 7.81205193537126
10.3005002220567 3.57935505762504
10.5622950814913 1.89744725377686
1.06702237953414 0.874044506390532
4.42801165200001 6.76404001693295
10.7801823298641 3.10112570523617
2.36904375982776 8.82448185634596
4.94138205389027 3.30030213416777
4.32309983327286 5.69207823981579
1.50110444201187 1.27418029367377
10.1118401546531 2.26346903963885
9.4428399451322 0.457990598685436
6.44491705788389 2.22265162945541
9.24648312870326 4.89197399843554
9.30714130700717 1.41507949270445
6.40550721529324 0.591095872067257
4.77136818580693 2.74163443800231
10.1502266637881 7.83856182089948
6.6632126015319 2.80445138105001
3.36501121279434 2.35456572412859
2.40556972388167 1.32591618903364
8.36126137589415 2.32223454963439
3.71757926274174 1.48321167717592
4.3708212755348 7.78581046108782
8.4345861565339 7.40426558896044
4.0174385156619 0.471569646461713
1.47930349711962 2.4015420047188
6.18511580447662 1.65168696075564
3.705999392019 0.931470223533803
4.27077939897945 1.65518358486469
2.12458236273168 7.24528090307235
9.19624146492179 7.8788605155226
0.296239430421322 3.0444332889798
1.4791999208083 7.32162058316185
9.66365477046631 7.14973059460929
