50   0.780130689212578
7.41246218717467 1.9541318424839
0.481372275067801 4.01004134196155
10.517363198101 4.98980574859945
3.68305552747759 1.87307291290078
5.53727765363874 2.89815642875827
2.7142686839359 1.90494702986093
9.07667816106847 8.28468608029263
1.92863826947052 8.37229879878337
4.20456945113942 8.31492187076055
3.07166722011915 8.40357613070606
9.84750589128181 1.43990472273029
4.48282476144959 6.11276758014204
0.70043183478799 1.30710503576956
4.96950010803283 1.59841804723983
2.50560360810602 7.07727518021112
9.38506768046033 6.87427348046236
6.51682635681937 2.88750746042214
10.4133017541194 3.60392628866722
5.46193834976293 6.10191465640371
8.28518160815107 7.09515387851035
9.34782728077831 4.16518114119059
6.10093423577703 1.56453041198779
9.30155983395985 2.74739341415978
0.360568019966874 6.62223582088042
1.65142643106291 4.83348806909278
6.79485263299239 0.685452692250658
9.40562128496393 5.5298687925153
7.94611813872586 8.48327205067051
4.52045129681937 2.91885084904687
0.585787431356305 5.39574566131911
3.58734352229634 7.04622380324009
4.89861285381074 7.43601330611941
4.238497616741 0.699044189819936
10.2983599623374 7.69322918349447
10.6398699957548 2.37773284864587
1.61347980121963 2.12552052228518
1.59406413754541 3.46936418074302
1.92291367578062 0.71558500554584
6.47911358831334 6.08075915438476
6.02996602831522 7.40120415975931
6.76109426834296 8.30083385237521
0.436282627070133 2.67440457384081
7.92750142752272 0.596543038571069
8.49427973642403 1.92247866579973
9.07071763003761 0.627269800725443
10.5623597784551 6.32529410353686
1.15308890247527 7.55908861576931
1.69847197027527 6.25091692572742
3.05339102406549 0.516608423622524
7.31632368734227 7.12678617084129
