C 44
3 0
3.927 0.147
4.763 0.573
5.427 1.237
5.5 1.38
5.573 1.237
6.237 0.573
7.073 0.147
8 0
8.927 0.147
9.763 0.573
10.43 1.237
10.85 2.073
11 3
10.85 3.927
10.55 4.5
10.85 5.073
11 6
10.85 6.927
10.43 7.763
9.763 8.427
8.927 8.853
8 9
7.073 8.853
6.237 8.427
5.573 7.763
5.5 7.62
5.427 7.763
4.763 8.427
3.927 8.853
3 9
2.072 8.853
1.237 8.427
0.573 7.763
0.147 6.927
0 6
0.147 5.073
0.45 4.5
0.147 3.927
0 3
0.147 2.073
0.573 1.237
1.237 0.573
2.073 0.147
H 12
2 2.5
4 2.5
4 3.5
7 3.5
7 2.5
9 2.5
9 6.5
7 6.5
7 5.5
4 5.5
4 6.5
2 6.5

